1	549	701	
0	231	1038	146	1041	1079	1386	1437	1792	
905	263	1358	490	67	670	901	
1239	1808	186	491	1408	1088	1583	
1482	426	360	978	1018	1827	
1420	1422	671	1772	1828	
1985	604	494	530	989	128	404	511	881	1071	1616	1638	
1623	1997	724	1017	1373	281	656	1428	1437	
948	1049	37	912	913	1518	1574	1724	1754	
672	1881	1988	889	412	1809	
1722	63	45	1051	1546	861	1050	1592	1863	
450	74	531	1033	1058	
182	566	1035	897	1599	1620	
1123	207	221	1575	1964	
1088	955	1665	1271	1846	1229	
1656	1690	510	1736	581	1233	
21	421	566	1338	77	197	386	1324	1578	
1691	1796	
158	1461	1966	61	110	123	348	1431	1972	
483	1309	787	193	1054	522	1081	1465	
461	1668	33	1414	67	311	639	1143	1331	
16	62	1282	874	1471	513	987	1075	1194	
336	878	1154	1258	1846	
821	1067	653	1940	1918	127	209	301	1557	
186	970	1488	330	544	
1971	781	1696	321	382	899	946	1549	1985	
1713	1236	141	470	1383	1603	
445	1139	1802	278	282	1204	
410	1228	1505	1605	1718	
191	1594	1673	1222	1225	1595	1622	
549	960	224	445	587	774	813	1410	
310	1667	416	1702	780	1570	
1512	1478	520	1565	
20	1357	801	256	1902	1939	
697	1127	134	1339	1118	1406	1869	
231	605	410	596	1017	1113	1154	1163	1190	1262	1747	1778	
168	415	1981	1606	158	137	586	1652	1804	
366	909	8	624	
868	706	539	392	1996	
640	743	1220	78	88	1628	
1310	1505	1739	1613	288	799	1334	1681	1794	2002	
92	552	920	647	
710	248	1846	1592	829	1104	1287	1497	1894	
314	672	437	156	1983	
527	273	634	728	652	1295	1630	
10	939	1157	1272	823	828	1301	1332	1470	
159	1194	1074	1956	581	784	
1386	1380	510	553	701	853	863	1482	
1888	1730	1019	854	61	83	230	841	
466	68	833	1359	580	1014	1635	1746	1799	1836	
1017	695	1108	188	611	675	963	1035	1869	
389	496	1357	603	162	1480	1521	
1645	759	1678	719	1174	
963	1797	877	234	1504	1759	
412	1393	536	1045	1271	
1035	1056	389	580	607	63	382	784	1131	
1646	501	1533	821	1540	193	1769	
694	530	497	867	960	1763	
1953	1803	623	1831	94	390	1728	1770	1881	
229	1610	708	1439	160	430	1429	1466	1637	
1692	864	1423	220	561	816	1391	
524	48	1240	18	1699	272	794	1183	
21	1218	1752	573	131	194	614	901	1130	1270	1665	
10	55	577	1817	350	660	833	869	1043	1333	1477	1514	1806	
309	623	1857	828	
1408	1719	494	654	1070	1102	1271	1568	1747	
533	1843	1222	434	548	1329	1404	
20	1961	1773	262	2	491	1624	
49	1290	965	1886	102	391	685	834	944	1102	1766	1947	
1959	1368	1879	96	847	1259	1305	1701	
1821	580	333	1206	350	696	1255	1891	
1462	179	1169	1643	83	1237	1383	
1596	1155	470	107	308	1360	
199	489	152	1642	288	785	1974	
11	1495	472	597	681	1932	
949	319	1478	1491	113	131	723	1007	1182	1213	1353	1767	
1786	1273	1699	1461	479	952	1023	1528	1888	
1283	1372	1212	16	593	1063	1220	1995	
1680	585	39	432	655	
1225	912	1895	221	1571	
1694	1633	1406	581	241	296	715	1010	1202	
1098	1787	998	922	838	648	796	951	1538	
787	1523	1922	1289	293	
427	48	71	300	275	786	972	1311	1377	1692	
1446	112	1445	474	457	1755	
763	772	1051	633	1457	1787	1858	
810	1376	935	1444	
381	120	1329	1937	
947	1611	39	1494	104	778	826	1175	1545	1563	
749	652	973	1064	1312	1452	
195	1501	488	1732	1517	
1742	1990	1010	1488	919	972	
41	855	877	913	684	849	286	403	1247	1336	1417	1951	
1431	1666	1372	859	1050	
1867	1557	58	1161	1999	
686	1350	1804	803	894	962	1609	1625	
69	170	1183	105	1791	220	1357	
885	1009	1008	1014	336	193	595	894	1414	1909	
1897	444	875	1679	
1241	523	1188	1410	492	937	
593	830	1573	1611	486	579	669	1431	1831	
1403	117	1581	1751	803	158	930	1273	1736	
68	451	1064	1524	608	925	
1588	802	947	1481	
1950	1826	1098	88	757	783	
96	1913	1043	1241	683	1153	
1087	536	660	958	1106	904	967	971	1227	1292	1760	
72	890	1680	1491	1015	189	609	1516	1621	1710	1836	
869	998	310	246	721	1639	1926	
1239	593	1350	186	1149	
18	1759	1780	1200	214	490	897	
609	1922	1512	1015	446	1151	1332	1346	
84	973	1774	1342	243	449	1429	
75	847	800	139	764	1264	1781	
135	1152	1610	900	1015	1246	1654	
319	545	1469	1289	765	261	435	1037	1188	1242	1435	
1369	525	1686	1583	564	118	126	386	719	765	999	1534	1821	
101	610	1280	678	1813	1606	1809	
581	969	1528	116	136	1823	1925	
716	520	1081	227	508	1232	1405	
87	433	891	534	558	1165	1545	
1998	904	1979	673	540	
1242	124	754	1629	1024	317	324	1373	
1272	1526	18	505	1804	
122	1202	1543	924	245	360	1025	1795	
1338	378	170	1171	722	738	1089	1365	1434	1800	
518	116	1019	1149	1207	1219	1628	1751	
23	665	1565	1230	1361	1535	1643	
382	1814	6	546	955	
1381	176	853	387	1514	
1227	1823	1346	438	539	553	1082	
62	75	885	262	447	913	1262	1609	1647	1869	
1153	349	418	
755	528	501	658	1364	1449	1458	1525	1866	
34	304	1051	1041	1888	1959	1968	
114	169	523	1898	617	465	879	903	912	1317	1345	
344	118	1359	903	1070	1354	1432	1861	
1452	763	36	1438	1067	1429	
1007	983	1776	1340	198	837	1284	1850	
1515	113	1784	1054	597	1247	
1919	1460	277	198	718	
26	1848	273	1708	1806	1644	247	319	387	880	1103	
879	600	1475	602	1404	1723	
762	630	1744	336	335	423	1105	1132	
1468	890	452	359	979	1099	1422	
1722	980	1494	493	890	1418	1828	1914	
867	1128	1	1949	1790	474	857	1423	
1360	324	1738	1996	
778	214	911	1651	814	1264	1705	1812	1953	
164	1578	149	574	504	1367	1672	
1424	1563	1379	690	297	981	1337	1497	1580	1618	1860	1990	
858	1646	732	204	619	775	1151	
73	634	1230	590	1636	1838	
1711	1741	
1986	366	1295	701	261	1469	1816	1878	
381	1614	398	
43	557	
752	283	
18	36	101	1204	1628	902	307	1842	
46	386	1188	885	280	401	
59	605	585	1771	1734	259	1889	
1249	310	737	957	1351	
51	683	834	1005	599	1064	1596	1654	
382	1344	252	577	1282	1838	
149	495	643	897	633	716	1873	
234	790	1704	298	501	632	1150	1269	1850	1942	
1660	455	1386	502	346	1290	1502	
268	1680	253	420	647	1369	1667	
36	1878	775	374	887	1295	1328	
135	342	301	1361	842	445	694	
96	125	189	558	962	569	958	1108	1440	
1131	815	776	914	959	1594	
1928	1431	271	1462	
1367	984	1105	1370	
1526	197	1537	1113	264	1951	
714	1283	518	1136	1488	
129	539	682	1504	564	1270	
843	247	1481	
382	386	800	980	291	448	1084	1635	
71	1659	1898	1563	993	284	332	848	1047	1052	
1996	984	1090	806	903	1138	1576	1650	1835	
441	1908	565	592	1441	406	1557	1751	1811	
12	964	1111	1439	309	1078	1936	
806	899	459	670	1615	1846	
1097	814	209	573	875	954	
1688	1628	335	1020	1198	1280	
3	24	1869	1519	109	1120	1828	1868	
1486	1334	1141	1012	1238	1303	
50	1729	1879	1755	736	503	751	
170	1009	1415	107	812	205	790	1610	1766	
466	422	245	896	1272	1513	1815	1901	
29	278	409	1496	1590	1678	
906	1274	1517	520	972	841	949	1599	
19	1950	56	97	456	1049	1615	
1268	772	1905	62	201	928	1132	1843	1926	
90	1912	374	1159	493	1988	365	646	1015	1271	1989	
1720	1934	861	1538	836	728	740	1526	1948	1990	
174	16	696	1632	444	1496	1979	
140	690	138	1349	1368	1458	248	1449	
73	1491	458	1849	1245	749	1183	
750	571	216	623	822	1362	1675	
223	194	576	1274	
338	1010	470	885	363	1501	
451	1718	942	925	1957	
151	326	1190	1762	
1598	1574	189	1123	292	499	1336	1498	
588	1190	1436	603	1137	1512	1689	1725	1821	
13	1552	567	287	703	1574	
244	350	1036	299	1213	1662	
184	1635	693	1013	23	
1259	596	1437	1916	1500	1930	
1542	437	1206	558	885	1030	1947	
931	1004	936	1864	340	435	534	541	610	1395	1556	
1400	831	293	381	851	
148	1372	1874	421	110	1566	1097	1361	1675	1846	
1943	326	1604	1585	1559	
200	1146	799	491	521	624	658	1672	1708	
1665	268	243	727	1299	
1379	393	1758	455	792	
1014	966	1625	1385	546	1030	1763	1871	
96	60	437	1164	
13	1662	79	1519	231	223	
721	1371	773	1273	366	423	1705	
201	1097	1439	221	716	593	1252	1274	1505	1655	
30	1636	656	956	311	543	788	1073	1089	
999	1812	942	547	954	1488	
1679	1923	1757	740	1265	310	972	1544	1785	
119	1536	633	492	842	
318	249	
59	1688	317	1418	
254	48	1702	829	1756	
1	35	221	1885	815	1569	1534	
643	372	394	1223	1330	1540	1879	
441	784	665	279	373	928	1579	1935	
165	500	1719	53	706	978	1362	
704	1968	1447	1804	427	798	862	961	1177	
1467	1444	868	783	844	1442	1885	
724	570	654	661	691	767	1335	1997	
1390	1973	1557	1035	1214	1945	
1530	674	1156	626	876	1160	
697	819	1234	462	1299	1899	
80	484	1008	1781	
1694	1763	371	1203	1500	
112	217	1625	1219	1161	869	1804	
208	1163	1140	462	298	858	1771	1982	
124	357	620	190	337	1273	
693	1881	108	811	1252	1283	1777	
177	1335	141	1820	598	1232	1852	1916	
42	548	198	487	601	486	1088	1793	
1070	1851	228	587	1075	1525	
988	1657	492	1058	419	722	928	1735	
1985	1686	643	823	386	668	1911	1915	1975	
163	1172	1155	1695	1768	1784	
624	167	665	408	1006	
230	1910	1357	1963	539	575	1116	1842	
838	1752	1556	1023	552	331	391	528	1795	1991	
1456	33	1659	622	1681	272	1006	1818	
1646	989	1415	733	478	979	
1953	1690	1725	1562	564	1290	1383	
160	1913	981	1025	1087	1277	1644	
390	1098	1077	1754	
935	154	702	115	776	832	1124	1471	
67	371	131	1635	1739	1970	
2	291	301	1918	787	713	1501	1936	
174	907	1120	1444	1898	
756	648	278	626	856	1005	1573	1711	1872	
838	507	570	
1479	1060	855	276	565	806	846	979	1314	
167	217	1508	1916	1403	1111	
1768	516	483	1055	1934	
655	1857	833	1172	281	332	371	1041	1210	
172	553	1647	1986	926	1499	
1945	256	1507	61	531	1141	
44	141	1946	500	1909	337	730	910	
1818	824	558	1437	1104	699	
1120	1392	1484	83	814	455	468	1139	1221	1266	
267	390	860	302	933	1174	1864	
140	442	435	834	1349	
27	191	265	673	1089	1395	689	850	867	939	1176	1634	
481	1884	233	424	1972	1155	
159	1920	793	1477	
270	1979	383	7	1750	459	636	1674	1817	
1363	27	624	380	1089	1209	
157	1452	521	1421	661	905	1105	1177	
652	179	825	1243	782	877	1412	1584	1813	1910	
1046	1049	893	952	1173	1368	1871	
293	1645	92	512	619	719	1532	
1563	207	1281	466	
73	1601	691	40	326	469	622	765	1818	
397	1781	1610	1291	574	
1679	1210	555	312	759	
263	1747	178	1158	
1878	299	1319	205	815	1159	
213	286	350	1085	82	977	755	440	516	838	948	
824	818	1294	705	806	
1437	1452	1693	1866	722	742	797	1091	1123	1533	
1066	874	526	80	467	
1910	150	1535	
244	1591	165	1828	600	731	879	1539	
208	292	560	1274	361	1261	416	935	1702	1760	1992	
83	1488	1811	1253	615	1685	
169	263	1145	23	1101	658	710	1180	1690	1902	1957	
276	1445	1224	513	321	1626	1903	
755	1629	887	1743	571	790	1487	
134	345	454	1783	929	
1596	501	788	1611	
776	1768	326	851	1047	1980	
158	1099	351	1255	1640	1779	
1985	72	695	1479	
64	1695	1579	182	478	859	1107	1588	1605	
31	108	971	161	226	1493	973	1576	1802	1972	
657	20	224	400	1013	1652	
1212	975	615	290	962	1082	1085	
747	1278	1604	1986	
43	402	735	833	925	1140	1176	1650	1685	1769	
1795	1525	1035	447	948	1735	1791	
488	859	1173	1936	
229	1169	426	122	483	1967	
228	1495	1631	1924	445	561	965	
75	115	1062	141	1028	969	1176	1611	1963	
1913	1821	859	1558	799	1423	
302	1510	658	714	25	713	770	1669	
962	1254	934	337	385	433	1417	1471	1948	
1489	1068	913	431	393	970	1057	1207	1909	
122	147	874	713	647	1915	
1002	432	1430	906	
204	215	306	370	1199	288	1023	1460	1751	1821	
667	485	794	1044	1083	1111	
946	437	528	996	972	397	1071	1700	
1171	554	1596	1395	1593	
1970	24	590	741	1123	1125	1551	1709	
510	1325	255	838	874	1672	
179	691	270	1544	671	1390	
70	759	813	1941	566	1297	1827	
1697	1776	1641	1457	1591	1846	
185	1032	1047	143	1314	
22	97	143	453	781	707	398	740	1564	1676	
273	322	245	
202	421	1771	366	649	764	842	964	
700	369	1573	1789	486	516	675	752	975	1307	1332	1651	1660	
212	608	512	889	1097	1103	1367	1764	1793	
963	1340	1454	821	1587	1919	
169	1277	1086	1960	514	965	1008	1427	
1216	891	1128	1964	526	754	995	1217	
136	1242	1558	358	860	1797	1977	
304	1658	1086	730	1135	737	822	1436	1906	
1224	166	497	635	876	1068	1307	1433	1648	
474	1898	680	826	712	749	1091	1406	
1686	807	1624	18	744	831	1058	1588	1610	1879	
132	477	711	864	1819	1046	1447	1867	
208	293	70	63	485	693	774	1046	1225	
307	1589	1804	1083	1173	1051	1310	
1787	1389	1873	758	823	921	1907	
1363	551	1931	1296	1734	
1264	1165	466	954	1985	
564	968	1105	1339	628	1702	1756	
1374	1935	602	1738	1862	
245	754	1527	407	
1034	1284	344	1584	
821	508	144	551	894	1144	
124	4	1673	363	1313	1613	
299	1264	1814	1330	637	914	1134	1612	1938	
566	621	371	1334	1699	
360	1072	1317	202	1189	397	1099	1337	
751	1437	1958	1049	504	525	559	1143	1289	
1807	195	450	1964	1237	1441	
37	154	338	1150	1895	222	797	1807	
1982	1026	1904	1156	373	883	979	1797	
1740	1224	1725	539	1019	1169	1281	1464	1513	
339	588	1453	1117	1970	1273	1416	1596	1829	1942	
326	962	1448	622	
242	262	362	270	1074	572	1749	
232	875	473	1102	841	420	514	1354	1382	
1707	367	233	738	1197	1233	1244	
168	195	1494	1886	718	1089	434	1645	
1497	1997	1710	410	554	
1697	1144	486	495	
1730	1325	580	684	727	1382	1781	
125	1080	580	1260	1454	1761	1882	
1874	1422	539	699	
562	1412	282	887	1457	1776	
87	155	213	1122	1393	440	641	636	
128	163	178	25	55	1334	1473	
281	1763	483	1071	1330	
1609	419	1227	
460	802	681	322	1013	1019	1528	1820	
159	178	251	116	16	913	1140	1326	
129	934	141	546	782	810	990	1598	1791	1895	1919	
1402	946	940	568	1076	1786	
51	55	1227	1895	1248	716	1404	482	1495	
260	276	58	1969	766	525	490	903	
255	840	578	68	476	1541	1703	1798	
1656	1802	38	429	601	1319	
218	1252	1088	697	323	1545	
232	1340	1660	1058	
741	1126	508	745	756	825	1485	1944	
863	1184	461	1090	1352	1677	1971	
289	920	328	1766	363	1447	
1809	336	155	1050	1119	1124	
1594	507	689	1690	
1372	311	1579	719	1085	1111	1461	1498	1817	
1211	1866	159	955	775	957	1344	1490	1654	1904	
314	1400	1233	485	657	1765	466	1355	
92	908	629	1425	1961	
6	1981	1225	707	608	753	1074	1156	1377	
1278	1504	918	1123	1583	
181	1643	701	
357	1764	447	677	806	
1195	253	553	602	625	1103	
191	838	1299	886	1179	1529	1570	
28	35	375	646	941	698	1549	1709	
499	1865	425	1084	481	638	992	
54	9	1611	1615	446	854	1937	
1187	1084	539	
1717	1467	590	716	1068	1131	
36	1725	1255	1472	1781	
31	299	463	1989	981	691	469	637	848	1318	1699	1908	
581	759	1008	442	953	1277	
891	1389	132	452	555	734	1400	1660	
250	384	715	702	1753	915	1376	
167	372	1407	1591	496	1066	1068	1562	
16	214	338	1286	1722	1460	1721	680	1696	
190	1552	1487	606	1129	
222	661	143	656	1508	
279	1669	1046	1660	1589	
411	1459	763	717	1423	1658	
4	317	1576	814	443	1013	1016	1022	
83	235	1214	1097	625	1191	1545	1728	
1813	1579	1271	529	1449	1661	
392	1256	1431	750	984	1652	
502	59	1979	1181	521	1014	1705	
323	1747	1680	1270	1700	756	1152	1322	1409	1686	
325	78	1686	1782	769	787	
120	1621	934	322	535	542	1086	1464	1509	1579	1855	
1416	374	66	1611	976	1174	
277	527	1991	212	115	749	778	798	918	1155	
1483	489	1231	1171	
43	211	328	1328	220	690	1396	761	1355	
1395	130	1487	1542	1060	1380	
547	1558	1673	645	696	868	1056	1121	1156	1543	1662	
381	293	713	1822	755	1004	1772	
181	233	820	739	584	1151	1267	1330	
277	943	417	1775	485	446	1162	1389	1521	
1045	966	522	426	847	1082	
98	1688	780	197	530	1162	1376	
27	30	650	318	169	482	513	556	1420	1452	1674	1815	
442	412	1918	713	111	1234	1290	1528	1890	
407	891	1588	315	131	456	1126	
673	178	602	
735	112	1740	697	1015	1448	1466	1699	1743	1865	
11	365	1680	1444	578	1506	
102	203	1353	615	1768	520	654	984	1259	1510	
144	689	802	1288	418	574	
336	500	1534	532	464	637	828	1057	1964	
304	623	1068	774	1072	985	
166	218	1189	896	275	1019	
193	447	1727	1063	1339	1881	1241	
84	1109	566	592	1600	1718	
199	1807	1168	1398	982	1338	
183	1453	281	1522	481	572	1574	1946	
385	1071	1996	508	1990	1014	1790	
20	396	601	503	1605	1347	1461	1470	1897	
240	244	1177	871	779	507	799	890	1641	
416	782	1295	734	1268	647	1149	1282	1330	1353	
453	662	1348	1656	830	
135	1702	1124	
49	190	1038	354	564	402	287	805	1166	1186	
1499	1317	296	705	1097	785	1167	1407	1463	1735	
275	1842	1367	707	1109	1523	1910	1928	
288	416	1656	1543	779	1348	1415	
72	202	26	1142	1680	1024	1240	
1282	1387	939	1340	1914	
74	933	734	947	962	996	1406	
372	1965	1169	1368	1590	1228	1344	1677	
84	347	146	1237	955	1869	675	
1927	892	1053	1001	
683	391	605	1828	1571	747	1911	
349	1539	1037	
623	257	309	1050	1643	
911	1549	1601	641	76	1263	
1367	1306	1274	1344	569	892	1477	
279	411	459	1355	1998	1003	1223	1647	
389	1662	445	619	804	891	1247	1360	
19	383	269	317	612	903	953	1387	
241	862	1478	1616	
350	402	442	327	1797	1868	1920	
376	1421	100	1362	339	248	708	797	804	
248	985	1704	594	1404	1324	1727	1905	
90	316	973	919	
73	436	656	1788	1399	748	818	
2	390	110	1618	895	1022	1453	1991	
3	216	1025	1989	67	998	
250	227	1738	99	915	1614	657	1028	
145	195	659	993	1580	
6	1719	65	1321	568	579	726	869	1028	1440	
164	561	376	1936	1125	1137	1614	
51	1764	744	1678	420	1905	
57	1329	346	800	1227	1742	
1631	1826	1209	757	1878	
411	205	1316	1745	
234	273	453	1018	514	1754	566	1819	660	1190	1368	1793	
56	133	305	584	667	1106	165	1110	1345	1840	
166	430	1769	553	711	1561	
461	1178	1861	188	1866	659	1085	
953	149	364	1400	1512	1908	
123	948	637	1403	
1411	1111	624	1720	
266	399	462	1435	589	1337	1310	722	1184	1596	
359	460	395	119	1882	740	662	1793	
1448	695	1811	1854	1308	620	962	1557	1827	
15	331	1616	1045	47	1399	840	1866	
1564	6	1995	594	1430	1939	
625	340	286	950	893	960	1011	1048	1624	
302	1826	879	445	1594	21	535	1044	
342	500	1894	1115	599	1207	372	719	768	907	1242	1801	
554	1132	1244	
269	293	339	864	807	545	732	819	1596	
1458	1768	1696	1560	701	765	1553	1980	
126	812	519	175	974	1875	788	819	
518	1426	1000	1761	1692	1011	
32	119	192	451	532	615	1831	
283	1395	216	430	1404	712	1169	1641	1668	
443	1301	19	1837	986	1029	1859	
99	135	891	1694	527	1448	808	
61	1694	1198	1908	1597	1843	616	774	1276	1598	1620	1921	
116	390	1843	738	364	763	1117	1269	
296	343	1870	1932	1942	1033	
44	435	523	553	1815	1431	1271	1729	
133	328	255	764	560	629	1176	1820	
786	1499	428	1675	1986	
6	57	444	1956	1458	1122	1534	1041	1165	1652	
614	1004	272	11	941	1385	1442	1744	
453	520	1319	1760	1405	1361	
66	1773	1757	1753	692	1676	1809	
120	1448	1397	1690	212	672	1492	1507	
433	1007	513	1586	
106	772	54	1580	1471	880	711	
1063	644	
1388	569	994	622	1078	1708	
38	176	379	413	368	130	254	1430	
121	1614	1938	1988	1281	619	1371	1631	1879	
1268	212	808	821	1189	
653	433	1216	1774	
224	1278	1571	1328	759	1248	
1324	24	1044	1393	1526	
115	516	1176	1164	1443	733	1161	1192	1767	
219	387	632	128	768	788	1693	1836	
439	225	781	1996	1478	870	1362	1544	1640	1833	
248	66	653	1305	1228	1232	1353	
30	1816	1582	0	976	
603	658	694	1671	686	
353	359	1295	1799	1725	682	770	914	1319	
41	255	609	933	1762	713	1436	1681	
271	408	502	527	130	47	1590	562	865	1095	
329	515	767	1404	375	1552	1873	1956	
290	600	1920	1856	418	596	780	1000	1273	
445	1791	711	1891	
156	1952	1231	1673	1640	667	1239	1468	1904	
170	274	1554	1848	120	211	963	1156	1375	
1469	1302	364	
299	528	682	862	1194	725	1192	1708	
495	1790	60	1605	318	1126	1248	
380	553	891	1964	788	703	1877	
600	613	1241	1308	774	1007	1331	1763	1764	
116	355	466	258	176	1910	635	655	693	739	1009	1212	
181	1408	267	853	1914	1821	
12	16	362	457	500	1051	333	594	1591	1711	1782	
207	1931	751	1397	665	1501	841	868	1109	1572	1767	
388	494	656	887	990	1726	1770	
170	538	1515	1615	1979	1665	480	675	807	1628	1694	
237	266	1684	900	1954	
200	303	799	1958	827	1697	
606	459	1818	371	590	1459	1920	1973	
62	799	1327	184	841	1134	1394	1415	
149	289	1823	858	1723	452	1561	1941	
1300	254	1474	905	949	1205	2000	
201	576	1077	1399	
63	163	1373	635	1492	1843	1923	
391	450	1096	1928	1645	1816	1285	
494	100	1136	1073	1244	1294	1773	
55	70	377	378	1994	49	879	920	1145	1860	
80	118	417	46	1692	15	1097	1790	1983	
1982	1805	1318	1555	
940	1537	614	1665	1698	
501	1480	596	1407	441	771	1697	1853	
78	160	1436	1681	885	1982	906	1765	
1974	36	961	1410	1562	1947	
249	30	805	883	944	
206	369	762	1192	1448	1569	
507	1860	1211	1946	1400	1104	1202	1325	1456	1594	1753	1994	
330	414	572	152	770	1896	
1297	1014	1425	
181	457	696	1097	1245	1289	
100	109	223	1868	77	597	981	1170	1840	
487	566	511	629	739	955	1614	1857	1943	
97	1327	1550	762	1760	679	915	1287	1748	
210	584	35	1447	555	793	1895	
593	881	139	74	1682	1530	
247	1197	1803	1450	1969	
514	162	675	1723	
142	555	563	1712	298	1227	1068	1298	705	1215	1303	1417	1762	
248	461	392	818	736	1052	1607	
142	448	408	1415	356	1912	1241	1878	
51	550	1703	206	710	1494	1863	
6	1250	1032	1281	
35	160	476	1047	1516	656	1316	1344	
572	1774	422	1211	783	1594	
55	607	630	795	1284	
340	404	1160	102	947	1474	1684	1985	
111	552	845	1152	107	1154	762	
117	1443	212	1422	1115	1693	625	630	1799	
645	1459	1375	50	968	1134	1393	1837	
483	1842	774	1730	1053	1806	1845	1860	1963	
563	666	850	1562	1418	747	700	1389	1400	1631	
531	583	1782	62	718	720	963	
312	451	520	300	1773	713	1378	
1391	524	1185	893	1131	1218	
135	1806	1450	1142	835	1021	1663	
1388	1850	1489	1536	1965	1971	1977	
482	286	848	540	151	943	1007	1432	1516	1541	
245	509	1157	1749	
362	1318	794	921	1070	1953	
256	538	288	781	370	833	1212	
58	64	200	454	478	1207	1776	1680	
253	282	506	1210	37	216	1235	
512	408	610	1176	427	1128	1639	
1015	265	776	239	
1131	1002	1441	1306	1063	1356	
355	665	878	1350	1503	
403	528	594	1232	1642	825	1999	810	1698	
143	607	937	931	1383	610	1224	1765	
1402	909	1364	689	959	1123	
546	783	1553	165	1191	
227	164	1387	85	1300	1722	721	
44	152	896	892	1413	1497	1702	
577	346	1624	1093	564	945	
1067	281	1820	381	1272	
361	505	1533	416	453	1114	
955	411	666	1522	791	837	1598	1938	
850	790	20	1997	677	989	1162	1518	
39	1474	961	1270	702	1730	
381	479	675	641	671	1473	1355	1493	1959	
1062	1466	1031	708	1315	
164	232	251	1931	1609	1430	875	
537	1998	1347	1023	1650	1198	1366	1596	1922	
611	1445	439	735	1488	1533	1996	
410	1560	1926	195	714	1621	1627	
324	463	1276	167	41	1312	653	975	1518	1534	
265	1774	81	782	1179	771	916	1759	2003	
1706	338	1617	
445	833	1342	1293	709	1195	1370	1542	
1030	1490	791	1359	1428	
284	44	1437	1465	89	891	
23	542	548	995	647	1434	1640	
237	451	65	821	1619	1720	2003	
270	564	78	1206	1455	1941	
224	423	489	605	568	7	1262	932	1054	
311	402	492	923	1981	
321	550	1332	216	301	133	1392	1953	1966	
493	1327	503	1555	1248	1076	
106	63	1100	500	1155	879	1240	
283	423	784	1900	1544	237	1899	1296	
464	1496	907	1740	678	508	664	1192	1853	
1665	1799	970	1550	1558	
842	1720	796	662	1583	873	1645	
127	233	253	567	628	1038	755	1533	814	883	1297	1993	
613	638	1091	815	1305	1098	
327	501	557	1666	1321	997	
251	1623	907	1328	1210	1083	1370	1649	1802	
100	714	1020	1310	1493	
183	2	818	898	689	963	
5	332	641	1746	1036	764	1407	
9	43	534	
121	278	448	1507	1163	736	1384	
239	782	1343	1807	1236	1501	
474	599	641	569	339	731	50	704	1215	
740	1718	1873	1353	1588	1990	
407	639	1941	705	758	1282	1735	
117	662	1267	1325	947	968	792	1546	
595	793	1423	685	1119	1642	1673	1976	
347	421	1368	1865	1188	1411	780	
385	1061	810	74	1628	
176	560	551	1876	725	
162	476	1131	768	105	1022	987	1187	
92	377	736	1567	1449	1190	1414	1480	1560	
68	1775	679	1534	
95	1351	1137	550	1947	
1661	1248	1733	1726	1905	
1411	1268	1893	1594	1383	1668	1817	1868	
399	452	278	670	1368	631	936	1739	
150	198	437	1944	933	1387	860	934	976	
288	332	416	237	865	1382	1981	879	1115	1199	1394	1450	1930	
1028	1839	533	998	1010	1426	1519	1677	
209	246	350	564	1094	1112	970	1915	1962	
57	550	1397	765	169	1063	1187	1924	
50	308	509	956	1419	1156	970	1106	1258	1917	
197	592	724	439	70	1316	
34	240	393	449	1584	1061	1183	853	748	1113	1569	
1389	1780	1393	1194	410	1702	1731	1918	
274	379	1890	817	
339	613	1948	1565	
154	406	1098	0	47	517	712	1499	
261	419	1904	640	1034	
207	562	1669	1248	1104	1969	
235	708	675	1883	1291	858	1822	
294	467	677	1833	840	600	1726	
38	234	919	1444	1612	986	1686	
336	404	468	740	1654	1554	790	1198	
59	704	1139	486	1853	642	1136	1847	
650	1704	1412	764	1439	723	1003	1050	1986	
42	603	1559	301	1992	995	1483	1801	1859	
349	502	556	1114	536	1200	
701	521	347	1013	1032	1342	1589	
263	324	440	446	321	552	615	889	1187	
175	321	669	646	1308	1190	1270	1302	1976	
419	80	1336	1855	857	1683	1845	
119	223	389	1484	414	1832	164	1269	
1461	425	1289	1106	1154	1303	1390	1398	
374	1185	140	614	1948	
52	116	514	286	400	1283	1995	
1537	1072	614	1441	766	984	1155	1387	1520	
222	1267	633	1038	108	933	1377	1392	
125	295	507	250	1129	1651	1755	
709	75	921	786	998	1515	1556	
7	237	696	1818	1055	1261	1235	1590	808	1874	
682	560	1628	1459	1379	
775	494	1711	840	866	1417	1465	
1740	936	377	217	1453	
44	1377	196	1033	1305	1445	1901	
769	1318	1754	1686	793	1941	
273	345	1588	735	1389	
675	1823	298	983	1230	
151	850	950	1143	516	
257	1812	545	1371	1068	
463	418	472	1711	1529	1570	1031	1427	
314	449	730	645	774	1493	
188	673	684	939	601	1196	
345	161	1867	1720	1462	1552	1847	
373	525	125	1286	1649	918	1403	1932	
441	594	1420	564	1855	750	1409	1542	
226	508	676	707	196	1438	336	1325	918	1541	
395	1459	1259	791	330	850	1109	1368	
1345	837	1899	295	1232	1411	1547	1722	
39	1410	1118	744	1072	1234	1740	
496	743	348	1974	816	837	931	1761	1965	
839	395	837	948	1309	
1964	1052	1283	1327	1182	1954	
313	613	476	1529	1487	1551	1715	1990	
489	1514	993	697	1543	1768	
89	347	435	199	1908	1165	
200	429	1783	739	1322	1416	1566	
364	567	1516	1690	188	772	1592	1742	
157	1557	339	1671	1553	1312	
404	1877	929	957	1017	
122	357	343	1276	1579	967	1411	1433	1509	
133	293	303	665	1662	1498	440	801	1154	
265	395	973	431	945	953	988	1183	1759	
104	1357	498	917	
761	352	677	1073	
52	333	417	290	543	1057	996	1716	1794	
1509	825	1409	1531	
758	1060	1143	437	833	
143	588	595	1785	1098	1013	609	924	1284	1636	1843	
85	137	425	1192	525	1387	1052	1769	
528	671	709	1401	113	338	1458	
115	694	288	116	517	1044	1929	
390	720	1997	1255	962	1127	1062	1283	1320	
554	1248	1584	1811	237	1147	1700	1851	1943	
683	862	1527	514	1217	546	1618	
432	729	1932	1494	1618	923	1090	1916	
590	1410	1963	321	551	1585	1022	1175	1352	1921	
648	981	584	1629	
85	194	536	874	751	1168	1442	1900	1907	1980	
222	1894	1879	831	1140	1641	1792	
454	612	735	30	563	350	524	1412	
168	726	1584	1729	401	151	
306	626	1388	171	261	1405	
1625	1491	919	1132	1377	1536	1844	
148	88	435	1411	795	940	1169	1395	1831	
462	1272	1258	469	1342	1720	
444	31	1557	1861	555	680	1087	1956	
25	336	547	622	1183	1499	961	1222	782	822	1565	
463	648	674	284	781	387	1123	1884	
632	236	104	606	1599	
233	661	1951	1519	55	1579	46	843	1156	1592	1760	
1761	73	467	1121	1124	1284	1748	1922	1971	
529	723	1837	1404	83	1740	813	1373	1413	
19	82	263	1140	432	1493	889	1077	1085	
305	562	224	518	546	1288	972	1387	1405	1992	
1323	970	1069	
165	639	707	189	956	303	1829	1315	
741	1680	651	638	1225	
1013	678	218	849	1188	1286	1360	
280	679	729	1837	1891	596	1421	
621	961	903	61	327	
1316	607	1895	778	981	
664	1147	81	1150	
295	366	1378	486	1012	1427	1748	1766	
1337	995	235	435	969	1069	1214	
216	571	573	320	40	943	1690	462	1133	
113	178	497	1788	1205	1584	1946	1397	1748	
33	1073	755	1921	856	914	1332	1820	
103	385	452	1455	1270	1064	1881	
101	1482	95	1277	1305	1578	1610	1942	
482	1043	486	826	969	999	1557	
587	466	847	1752	917	1405	1756	
183	407	1675	294	267	180	1904	1924	
348	516	569	1469	1657	1311	1613	
724	541	1522	523	1439	
1482	1303	1854	855	1026	1772	
86	681	1497	1548	1401	629	387	823	891	1266	
246	864	1803	906	
189	518	852	1149	988	1840	990	1873	
333	986	1556	1287	786	30	1142	1364	1447	1450	1821	
184	275	426	665	148	1848	1117	1727	
171	231	666	292	1153	1223	1258	
744	1716	1136	60	838	1465	1840	
699	837	1375	1704	1796	1892	
294	601	670	990	1209	489	843	852	1662	1719	
240	1607	516	1304	518	1180	1275	1970	
441	1053	1186	
23	56	359	654	541	341	
345	781	200	1576	
251	45	810	352	1923	
274	294	1326	
284	629	760	395	1435	1212	1027	1554	
347	804	88	1472	1595	1582	1867	865	1677	1740	
571	1773	1692	883	1440	1459	
64	453	1297	1792	45	1308	
1149	42	230	1012	1549	
100	1650	879	1243	464	942	1611	1712	
213	931	773	348	1532	1630	
1882	1783	1332	261	1516	
49	270	314	622	650	761	1590	63	1008	1371	
162	277	1538	1998	68	
1841	617	849	1719	1877	
196	942	1952	1563	1658	1040	1851	1858	
742	745	817	1663	744	638	138	1554	1602	
81	255	266	409	293	1630	331	816	1845	1814	
745	1938	
391	705	726	1115	510	989	1529	
372	48	192	567	573	
169	664	338	1735	227	1979	1308	1371	
177	1466	784	818	1157	
236	1241	1134	1046	1208	
609	1733	1780	1057	1091	1358	1853	1994	
1996	267	1796	1394	
113	805	443	69	1781	1504	1859	
619	1660	416	1425	1237	179	926	1313	1938	
92	792	835	1192	1288	1441	1557	
613	639	732	741	278	1532	961	1870	
1365	213	1074	306	1126	1310	1949	
812	818	1876	1184	1093	1733	
129	565	697	1376	47	1370	1607	
48	986	412	1342	1666	1098	1203	
92	267	1837	809	1683	1671	1284	977	
1441	265	1446	801	1193	1322	1685	1783	
146	1938	871	715	1177	1243	1340	1684	1703	
151	574	704	244	907	925	1211	1304	1467	1507	1572	
320	316	93	309	1091	1805	
276	690	344	1502	1704	1141	1592	
196	1986	10	1980	1989	
560	768	484	1470	235	1596	1078	1779	1932	
396	1712	1830	47	1346	1439	1733	
60	349	516	811	1537	1083	1672	1018	1172	1983	
691	553	1668	1572	826	1757	1896	
726	1266	1188	1042	1236	1671	
146	1947	1023	278	57	1335	
38	236	567	1855	1318	439	1096	
108	494	1883	63	1726	243	1701	1873	1897	1968	
1726	1113	547	1637	1743	1588	1657	1663	1666	
462	857	1553	1469	1068	1268	1484	
1663	1262	
1899	664	1183	1243	1642	1706	1886	
21	296	324	772	1875	331	
372	643	1951	1085	98	184	1790	
239	346	1909	1213	1030	1267	1606	
53	92	877	1198	284	1710	
22	890	1589	628	1525	938	1213	1507	1941	
142	513	830	691	135	660	580	298	1368	
536	141	1336	1817	951	
597	1228	6	1256	1020	1080	1100	1561	1656	1693	
882	1186	1018	1327	1926	
827	1673	665	367	587	1172	1537	
941	1262	1242	1239	1555	
97	131	159	202	585	912	211	1756	1472	923	1072	1397	1813	1943	
409	1667	1877	1727	1751	
303	380	568	168	1554	1988	1279	
1356	977	1033	1427	1780	
9	787	340	713	
107	144	878	145	1047	462	980	1113	1774	
120	343	418	447	523	562	810	652	482	
475	634	1139	480	1994	1478	1847	
512	285	616	1116	1046	1865	
1017	97	359	95	975	1239	1280	1313	1984	
1695	1635	490	1062	
455	634	964	1333	190	1094	1037	1061	1940	
164	12	110	1361	1181	1285	
670	982	1773	1685	1257	
183	1564	1290	25	1404	
570	1727	114	932	1302	1687	
1506	2	62	1058	1388	
158	1653	1319	1494	
483	794	180	135	390	1466	136	1226	1478	1552	
121	1616	1717	106	958	1111	1564	1670	
2	1462	1284	575	283	1593	1486	1923	
192	325	1895	811	1819	585	986	1400	
264	662	668	858	1852	514	1346	1243	1855	
403	1054	1245	1468	1873	1908	
37	631	1298	1521	1430	1128	
1074	273	1530	1775	1844	
148	479	1255	1080	1573	1864	
79	885	1126	1417	135	8	1553	957	1263	1420	1455	1673	1951	
92	323	386	1680	8	131	1573	1579	1714	1743	
801	1796	171	551	361	996	1837	
419	492	1974	595	1651	
1252	648	1040	1950	960	
757	805	1075	1151	1357	1061	1774	1966	
740	738	435	405	1342	997	1074	1717	1811	1855	
488	706	777	1012	956	1949	91	1158	1135	1184	1906	
41	397	580	1975	1746	
621	723	1705	352	989	1018	
81	1569	1566	1158	1167	1559	
657	769	885	1331	1579	1817	1933	
124	762	1690	1234	1278	1604	1654	
858	1563	102	203	314	1283	1301	1551	1686	1707	
271	1210	848	1582	967	1073	1186	1934	
1360	
1634	194	250	233	
753	1315	1855	1412	1726	304	1341	
101	1522	1714	1812	1882	1912	
212	630	831	1156	1812	744	1269	1749	
966	1011	656	900	1654	1988	
276	472	552	690	1197	721	1633	
322	387	433	1258	690	1850	1908	
261	1220	299	1540	86	1065	1168	1508	
212	727	1974	689	1222	1097	1759	
630	1689	99	1979	1321	1475	
1328	878	1475	1722	
45	736	471	1995	278	
388	583	1509	778	
410	884	985	531	1456	
203	225	836	1527	830	1507	1781	1110	1277	
442	799	1532	1075	619	952	1255	1381	1867	1995	
68	587	1036	988	1517	1669	1763	1784	
1355	1444	756	635	1002	1216	1408	1452	1875	
328	388	1340	1155	25	1386	
88	103	608	678	1145	1043	472	1626	
8	505	1326	745	315	293	1043	1851	2001	
75	1920	575	192	1108	1490	1548	
512	732	1004	1948	1501	1192	1256	1753	
81	880	1401	1048	1226	1729	
76	943	285	1338	1454	
504	483	1285	417	1110	756	1548	1950	
225	184	354	1090	1411	
14	401	474	638	1176	1783	128	594	1872	
224	695	790	919	1099	1127	1917	
753	161	401	1677	912	1668	1037	1090	1365	1764	
106	904	170	1256	1969	1559	1944	
631	1290	171	1778	1989	
30	57	916	1279	512	1819	
586	640	781	794	850	235	1393	1354	
170	322	370	766	990	312	472	95	509	1469	
53	341	670	50	614	558	1516	1126	
182	896	338	1694	1914	1912	1196	1317	1907	
68	342	318	1927	1875	1408	1486	
219	443	932	1641	1192	1287	1673	1021	1350	1550	
754	926	106	1026	1650	1834	
355	678	611	1873	1008	
118	319	798	1347	1641	1680	804	1077	
24	663	1118	789	693	323	695	1011	
310	106	1328	1462	1657	1725	
192	328	788	91	83	226	1319	1667	1984	
112	488	756	1398	310	89	
518	1680	1703	1686	1640	1482	1896	
312	894	1396	647	339	1033	1607	
549	434	690	1475	1592	
293	888	1792	1825	855	1235	1491	1045	1325	1424	1604	
234	1673	4	1829	1201	1217	1666	1884	1978	
257	267	144	367	
145	178	890	1920	1727	1042	1258	1373	1992	
259	416	771	150	1623	795	593	1036	1143	1920	
458	898	1765	
138	731	1954	1421	1276	1619	
173	180	1076	429	720	451	1045	1855	
487	941	1015	1337	1217	454	1498	1211	
706	813	854	522	906	
1477	21	683	1092	1243	
250	812	944	1580	1769	756	1640	
6	257	1966	639	840	1737	921	1205	1270	1389	
818	962	1756	568	387	812	
1883	1374	999	1073	1147	
1980	1463	411	1272	1694	
179	748	1994	493	1193	1640	1649	1946	
538	1032	1679	1705	1179	1260	
653	798	1064	1374	995	343	710	1081	1172	1465	
328	759	914	472	
667	1359	918	1437	1506	
81	108	692	1271	723	491	1589	1687	1760	1811	
225	991	116	804	
519	1537	1093	1102	555	1651	
1673	1642	475	
325	627	1868	945	1493	1050	1137	1457	1723	1750	
481	1437	709	1571	1285	1670	1789	
212	531	950	1459	440	1153	1762	1200	1485	1998	
162	1907	1024	265	1569	1662	1749	1754	
1276	1072	1438	253	256	1384	
138	535	563	75	619	1489	1943	
97	417	833	241	342	1578	968	1933	1968	
97	189	564	1313	1846	1276	1380	
91	202	692	80	1860	
932	519	1621	970	512	
919	829	187	797	1235	
209	385	762	792	712	426	1887	1364	311	1706	1835	
97	219	591	430	460	49	1922	
107	111	626	985	449	1308	114	195	1273	1959	
1135	1495	426	
7	50	894	35	1948	753	1660	1455	
500	1703	882	4	921	864	1977	1988	
48	455	1323	126	385	1021	368	
881	669	185	1077	1459	1934	
1019	1281	617	966	1224	1485	1625	
683	490	426	770	1383	
255	644	867	76	326	
122	1005	470	1091	1082	1814	1915	1952	
491	1652	124	259	1287	1265	1536	1877	
367	967	1143	1156	809	
825	1715	1063	1686	1841	
319	692	492	1837	494	1422	1825	
1515	1053	522	1278	1519	1728	1928	
651	211	876	1613	219	1881	1209	1479	
642	1690	734	1406	1297	1538	1734	1783	
335	994	604	1175	1215	712	
728	526	975	1429	11	888	1161	1457	1835	2002	
358	702	1556	1291	1387	1136	1293	1499	1517	
12	55	315	238	50	
208	671	944	981	1962	1616	1975	1404	1682	1734	
957	896	477	115	1147	1187	
1	466	665	721	1408	1727	1514	1315	
1415	1743	1192	1399	1776	1928	
916	836	1732	1983	1396	
530	134	1	270	1307	1920	
866	980	1234	
105	804	947	63	948	1478	1572	1892	
544	765	513	327	
443	510	984	977	54	1341	1671	1915	1924	
285	424	349	350	844	893	1394	1715	1768	
335	605	890	179	1207	1517	306	1268	
951	1635	512	1792	1780	
8	285	364	193	1655	1827	1088	1273	1582	
398	1002	709	10	478	93	1171	1224	
10	85	134	566	351	1450	1436	1081	1798	1867	
746	601	763	179	1484	
475	820	1029	1500	1848	1841	612	1385	1422	1649	1706	
19	139	1929	1433	908	656	1264	1360	
724	1413	1610	269	1129	
55	439	1577	1090	1374	1586	
759	453	1480	323	845	1876	
250	348	901	394	11	1533	1747	1921	
1862	1636	1667	1793	1468	1276	
267	761	1320	1643	1809	1478	438	1206	1582	
681	697	917	1494	896	1093	1157	
319	642	766	1962	1259	895	1927	
456	537	694	1027	627	1121	1487	77	1073	
102	802	995	1722	162	1567	89	1612	1852	
935	1319	1787	
296	1372	1460	420	1532	1765	
23	636	1420	137	1667	1774	1216	
323	454	600	871	346	733	414	420	1100	1678	
798	789	1481	1602	1741	1959	
249	621	65	136	1693	1297	1905	
383	460	6	328	1976	
363	454	720	1006	1531	885	1442	743	1898	
801	991	1063	224	1332	579	926	758	1441	1946	
46	371	851	910	918	404	1414	1254	1777	1862	
917	943	1791	21	249	
984	1328	659	1831	388	1970	1309	1841	
576	787	1020	969	260	1213	
538	182	1717	1662	862	1471	1936	
1724	1	1621	1635	
378	881	911	1303	1893	1403	1803	
119	1051	19	995	1541	
1024	130	1447	443	312	1144	1643	
351	864	668	1887	327	1304	1715	1727	1825	
411	413	1669	178	1761	1507	1769	1945	
293	875	400	787	503	312	1779	
342	345	1655	433	1955	1309	1402	1407	
106	1764	780	259	1223	1235	1894	1930	
14	393	1954	3	248	1986	1049	1146	
278	374	282	224	125	1648	1723	
180	954	1056	957	396	1158	1350	769	1106	1757	1924	1975	
666	1024	859	347	845	295	1127	1480	1646	1957	
1827	1347	987	1615	1639	1644	
635	1000	1061	852	1495	
693	896	1892	1677	
553	1110	1240	1788	1219	1973	
578	1856	1395	1610	868	1850	1225	1287	
184	223	427	467	936	592	581	214	340	1358	1463	
81	104	260	701	762	666	854	1475	
307	956	363	144	1479	1658	1876	
660	1661	881	1068	1269	1993	
301	1762	1685	1153	1442	
372	1000	1629	1761	68	65	1306	1339	1433	1451	
340	1329	141	1212	408	1584	1620	1627	1641	1805	
274	703	42	1912	589	1886	
173	355	283	1973	143	1728	1782	
106	501	717	695	1394	1090	1350	1664	
309	1517	1926	1903	1938	1952	
50	1764	949	1889	170	1937	1150	1336	1585	
457	567	468	1622	741	
953	1095	1417	942	501	1935	
182	506	904	327	1674	268	400	1166	1343	1726	1882	
693	1381	1387	1880	1148	1875	
174	870	890	697	35	1415	1566	1605	
711	637	1187	1441	
514	610	840	691	1187	1127	1647	
893	1586	254	1556	1709	
369	814	1124	525	1545	
743	970	1330	34	1565	
398	679	1250	
275	1865	1438	264	186	1477	
1063	439	1974	785	1159	
381	530	1594	1663	1691	
13	205	782	295	631	330	405	1321	
465	1117	1875	261	398	785	1625	1893	
330	1995	1403	495	1294	1882	
395	912	561	447	963	1446	851	1306	
34	766	956	1501	1091	1115	
146	343	909	625	1721	
1055	1172	722	422	1371	
62	1680	1538	
171	627	683	616	55	414	1145	1304	
515	777	1827	143	194	1808	
1874	1986	799	1346	1358	
844	573	361	611	1496	
345	1016	919	1834	1150	1447	1502	1988	
579	816	708	175	1034	1947	1623	
686	495	206	1002	
1573	1855	1366	180	1565	
27	708	892	1745	1339	1497	275	1546	
244	787	314	386	1986	773	1849	
187	1343	272	860	1153	1653	
470	617	1652	1542	813	1462	
732	761	1026	364	981	1630	20	1593	
376	1288	359	1082	1378	1695	
301	947	1131	1586	580	1870	
216	1212	1088	
796	991	767	1324	1037	1666	
1885	1631	1379	1112	1758	
812	829	1474	463	126	109	1629	
366	165	1760	1135	1108	796	1208	1339	1994	
917	111	1217	441	151	1666	
114	609	431	1895	1803	1327	1954	
132	1004	1141	1101	105	815	1746	1987	
22	609	35	1640	717	755	1475	1342	1845	1994	
72	252	660	946	435	279	720	1704	
239	367	695	931	1026	404	784	439	558	1379	
45	620	1061	1605	843	1474	1652	
919	1090	291	1309	922	1195	1468	1944	
195	1121	1751	292	
608	1680	239	1822	1814	
243	1416	1162	545	1033	94	1594	
1161	1597	442	639	444	1298	
244	673	1937	35	
545	220	1632	1798	1752	1338	1767	1881	
354	1563	530	749	1491	120	
1430	1907	466	1111	1881	1942	1988	
1973	467	922	
458	772	935	1764	
71	317	473	521	368	778	1952	
593	1293	1318	1343	1635	
125	329	1050	1331	436	1898	1410	1768	
252	270	1129	864	883	995	
351	316	285	1388	1223	1243	
52	276	434	1961	1728	1801	1996	
1032	88	770	1488	1235	1394	1641	1786	1857	
545	625	955	319	528	278	314	1553	
462	857	235	283	1270	1851	1905	
503	1548	1462	1961	
648	409	1293	994	1457	1343	1347	1705	1877	1966	1984	
819	301	1860	1227	1255	1707	
430	897	1637	1357	1900	1931	
746	75	1292	1750	
96	697	781	873	199	756	61	
396	852	1849	919	1600	507	1442	1324	
616	718	1281	1408	1966	1348	1650	
820	882	1360	466	926	1256	1272	
413	694	1115	713	683	1037	1114	1540	
99	159	680	866	792	115	1261	1822	
363	455	1628	541	1756	
204	206	714	35	684	500	1829	
632	427	1791	1281	
588	763	849	966	950	1039	662	545	560	1520	1633	
993	1854	856	1691	1700	
46	560	698	1673	21	1357	
408	1570	1158	650	
1704	736	1326	964	
598	933	373	1233	1532	
524	877	707	1676	644	185	1344	1398	1409	2003	
326	691	1918	1358	1383	1886	1664	1743	
110	1004	711	1311	1762	1796	1975	
1468	978	1268	1444	1632	1824	
124	80	1448	589	1645	
1878	854	1918	242	
158	1300	27	1776	1464	1301	1558	1611	2004	
800	575	989	1883	1343	
70	211	655	1846	1060	1302	
514	623	1047	1237	126	323	1435	1506	1626	
1332	844	1150	1248	1461	
498	818	1466	1030	282	1730	1366	
290	624	668	926	270	1474	
401	589	606	1570	985	858	1845	
77	312	825	1103	1146	1325	622	564	1380	1870	1219	1496	1823	
876	878	208	1077	1781	75	
427	798	1561	238	1960	
1032	1271	675	1326	600	1303	
343	542	1067	945	1761	
768	985	1151	343	1971	978	1438	1446	1995	
62	1587	1786	616	
243	1383	1212	1095	126	1947	
39	935	1585	1236	1555	77	1294	
275	1251	1614	1546	
66	781	936	29	1291	1959	1328	1839	
481	1087	232	1173	815	
302	346	368	630	1050	1021	1818	1731	
79	404	1096	350	29	791	
951	903	1630	1450	1894	
130	389	600	1180	384	1891	497	106	1719	1275	
28	548	881	1336	473	1581	
1565	1607	14	1512	1539	1710	
127	152	1495	731	1265	
436	557	1305	1902	1297	1997	
629	548	247	742	119	1298	1266	
402	373	1197	15	
240	924	1042	446	743	1316	1504	
724	977	624	1012	1779	1175	1087	1816	
26	674	1220	1640	1870	1259	866	
474	848	1207	1695	1510	365	71	
1677	1668	187	1688	
3	109	1580	894	557	884	
61	1095	1974	660	1899	470	1451	
99	105	563	844	602	1803	456	1425	
122	344	884	115	1526	514	1252	1490	1813	
284	830	907	1173	1318	857	987	873	1565	1840	
515	579	373	
199	908	592	1860	1302	
1636	114	1971	1652	1341	
92	482	1870	139	1443	1822	
389	659	687	703	767	1208	561	1248	1653	543	1375	1416	1691	1815	
161	1557	1623	1774	1300	
604	1119	1734	1252	1495	1291	1402	1597	1701	
1221	1553	
393	916	1242	1250	246	223	1855	1481	1493	
300	1322	1378	1910	
322	1074	1818	1954	1416	1495	1564	1587	1865	
415	766	911	1180	70	943	307	1613	
429	881	958	1186	950	1343	1498	1527	
898	1281	1398	1596	1773	
779	934	980	695	22	815	1830	1922	
210	741	1062	1236	69	451	1907	1520	1286	
994	1436	378	1805	
299	724	1188	1507	1888	1398	
656	884	131	35	1723	872	
912	479	1408	2004	
354	361	1054	113	1681	148	
226	1501	1230	1889	1025	1319	1970	
866	810	1232	1926	275	
678	721	441	876	
194	463	541	688	871	1201	1047	1567	1660	
716	931	165	1996	1100	525	1434	1842	1935	1940	
431	640	802	1177	62	714	989	176	1508	1698	
14	428	998	1215	527	195	54	65	1534	1352	
45	123	636	779	190	1902	1186	992	1899	
76	222	369	245	1015	1049	555	101	1288	1495	
192	299	480	1286	201	223	1320	1410	1462	1956	
1227	819	1401	1972	
647	754	1006	1507	1059	1009	524	983	1462	1705	
342	803	942	1291	259	417	1549	
313	405	543	1029	1817	924	1515	1754	
960	1835	887	1706	1731	
117	1286	185	894	
287	540	1021	1185	1257	604	1306	368	1806	1191	1414	1927	
21	471	463	1288	677	163	1569	1363	1366	1634	1951	
77	175	746	766	246	719	1875	925	1527	
358	855	905	785	138	607	762	1590	1877	1878	
578	953	1003	897	1665	1583	
421	738	1274	1280	1259	1399	1734	792	1677	1680	
813	966	1025	595	1096	42	1590	
452	788	1144	1282	849	1532	1723	1388	1273	
82	115	717	592	364	1874	1763	1649	
68	899	959	446	258	166	1783	
289	704	1034	1222	1277	1604	1424	1250	1623	
1182	1744	1564	1689	106	1998	1379	1569	
650	1170	1179	1543	1618	1034	1440	
294	1125	1220	579	1616	
154	463	551	1361	1412	1974	168	44	1760	
661	353	1993	1717	1647	
591	828	1070	1231	665	1428	1031	333	1608	
600	909	1232	1485	1162	1372	1515	
409	240	217	1374	1898	
575	633	1204	1610	1249	1833	1367	1380	1572	1617	
522	1648	45	925	1204	
559	900	714	1588	1245	1206	
809	1080	1215	1710	717	600	187	1758	1795	
819	1083	858	1921	1131	
548	666	1231	1313	728	803	69	1916	
480	627	1281	1102	1126	
1041	1515	339	346	1365	1678	1993	
509	563	714	1015	1686	828	842	1795	1603	
19	1158	1076	1380	745	1086	1473	1478	1766	1791	
40	507	669	851	351	1458	1782	
807	1200	1424	83	1575	1884	
647	1998	1775	89	752	1535	
1009	1305	848	360	1623	894	1578	1607	1776	
335	267	1647	1875	
929	1958	642	1038	790	
499	696	795	605	1379	1234	1624	1349	1476	
363	467	964	1576	135	1608	1622	1838	1949	
582	621	729	868	1170	1243	416	1646	
292	532	902	1065	1265	972	551	392	1443	1687	
1060	766	1274	1730	1469	1915	1662	
494	667	1123	1714	1933	937	1589	1784	
750	1253	1455	431	856	1720	1425	1805	
789	1019	1830	1415	
544	1147	16	1480	487	1851	1184	1664	
331	377	678	740	1212	1464	589	977	1665	1484	1946	
948	1196	1215	1819	824	386	1634	
573	595	659	746	1152	882	1942	1733	1643	
437	543	668	938	971	1076	1222	168	1387	1462	
497	1103	87	66	1473	1937	
361	1118	463	232	383	441	1358	1501	
923	1171	1821	563	20	
658	832	1073	1208	801	339	45	111	1487	1489	1575	1586	
896	1596	63	1585	1773	
187	382	362	1928	40	
247	237	1559	1646	867	1580	
715	880	1228	1592	1108	92	1780	205	
507	798	985	150	363	1769	1667	
16	125	952	458	1164	1679	1952	
34	355	456	1139	1150	1102	1524	
138	341	394	946	1469	1880	471	857	
929	1246	1045	
112	650	854	918	1154	779	712	1454	1695	1717	
674	1141	1256	1205	1111	1179	1170	1629	
163	480	605	401	473	1198	1469	1896	
742	1773	501	135	
130	907	1133	111	863	1347	1626	1854	
644	969	1092	1346	461	1179	1387	1974	
464	1862	1185	469	1793	1837	
198	1316	1595	277	1752	
95	109	1090	628	1383	1106	966	1829	1856	
686	1867	161	1646	1924	
1271	396	770	
451	75	548	463	676	
1441	372	136	961	
481	945	641	437	402	1559	
888	627	1932	1809	1719	
33	51	254	757	917	1181	96	1194	1522	
2	1199	845	1330	1097	1133	1438	1644	1646	1974	
49	136	997	1485	651	1711	1481	1692	1856	
147	927	1186	1054	792	482	72	1817	1965	
169	897	1295	214	127	1478	532	1772	
486	1362	1663	234	200	547	1430	1470	1791	1883	
282	353	1282	1588	
631	1013	813	133	1934	1955	
851	1307	125	1998	957	1722	1839	
1138	644	1922	1209	1282	1969	1515	1548	1890	
173	468	480	1300	149	340	1865	
69	198	473	680	689	500	879	285	741	1866	1929	
116	167	1585	1691	
853	668	650	173	1746	
222	733	540	833	842	1129	1731	
77	93	214	400	1066	1298	1414	1790	
7	577	786	980	1665	122	1375	
356	991	995	1056	1421	1299	1387	1560	
611	817	1373	1248	558	1438	
86	853	444	1387	1772	419	1615	1482	
728	721	83	404	777	1711	1918	
797	1144	615	1683	1870	1253	1696	1852	1890	
150	218	1148	1316	725	1292	1156	
47	1212	1309	1009	1300	438	1603	1513	1556	1923	
129	1112	1710	943	1701	
691	377	1920	372	1490	
630	688	1199	1219	1350	71	1022	258	26	1838	
1006	673	1531	1650	
219	1672	1053	531	1686	
47	166	1	946	1570	
471	633	690	763	1034	1112	1328	1376	483	720	788	1374	1347	1950	
538	618	776	1173	1288	901	1425	1785	
352	418	698	730	442	613	989	1531	1829	
238	717	332	1962	1830	
616	1581	60	1648	
275	658	721	1410	1721	1973	1979	
54	381	698	961	544	611	1620	
1106	691	1175	573	1046	846	1685	
278	438	521	1096	329	778	212	
437	975	1463	1040	1500	1621	
534	567	694	1933	885	800	1399	1741	1937	
458	973	1257	1261	717	1198	1500	1733	1819	
489	510	1286	576	1397	1039	1891	
213	402	589	1576	504	613	906	418	
764	810	951	1480	1275	1718	1627	1918	
388	631	1586	1086	1250	1771	
101	268	505	1125	1908	1847	738	1080	1636	1660	
389	487	521	554	786	66	1036	142	899	1826	
532	805	788	119	776	1481	1607	
80	1031	347	34	472	1747	
420	584	1483	467	1742	671	1086	
3	65	565	1038	1185	965	1263	945	
1596	760	739	1198	431	1601	1604	1779	
99	586	743	770	1392	1171	30	1274	
506	680	688	778	754	954	742	
380	709	929	1295	284	1985	774	
634	1055	786	1923	1881	1425	1528	
20	1074	1372	97	684	1281	
189	257	602	1039	573	469	1113	1323	1451	
434	1161	1254	750	369	1620	1248	1534	1755	1802	1953	
912	1110	1830	322	600	92	726	
613	229	145	1576	1940	
695	1841	
5	739	1067	912	1633	1530	445	1527	1788	1998	
283	486	983	1374	793	1513	
5	379	610	1028	144	1053	1531	
60	679	320	425	1691	146	1567	1912	
150	1291	1311	1604	977	1462	1844	
403	591	848	1388	1322	1627	1241	1413	1625	
519	692	1804	1681	1591	1764	1903	
342	797	1664	734	888	
1297	1682	7	651	1568	1789	
1033	112	137	59	1715	1449	1525	1728	
325	643	909	1166	1362	539	1558	511	
93	172	429	527	100	18	1737	1773	
136	619	1826	
1054	1642	754	346	1102	1929	1584	
653	125	1269	
507	825	1207	1782	115	
206	585	1051	1260	1985	552	345	1497	1486	1674	
210	274	295	364	652	1003	7	1	997	
137	740	1006	1120	1375	1217	1358	
59	182	223	709	863	808	
1293	827	170	1916	494	1668	1775	
181	627	720	856	1354	1073	1114	849	365	1961	
1072	1184	236	772	531	1443	1101	1492	1617	1885	1934	
545	610	1442	1319	1247	1595	1788	1889	
236	450	706	945	1201	86	264	1838	1490	1547	1577	1801	
84	302	645	728	1475	
84	856	1126	1642	1217	1789	1639	1692	
235	596	1082	397	349	813	1135	1554	1999	
370	509	523	534	1202	1462	588	1911	449	
684	1883	198	1429	133	428	1670	1680	1796	
617	1051	598	1226	813	691	1790	
1537	1102	1240	1415	1518	
137	283	295	89	945	1700	445	1695	1872	
369	459	727	490	1994	1456	1824	
341	378	1823	952	1342	1746	
802	1322	1745	1017	655	1855	912	1584	
256	941	589	1453	
1179	334	1033	85	380	1002	
198	517	530	1310	764	133	
425	611	725	741	1004	1020	572	827	1624	1689	1800	
140	421	1066	326	1672	1921	1560	1864	
18	76	717	1547	1697	461	1208	400	
71	172	737	905	1142	1178	1328	1424	1448	1276	1531	1274	971	
992	1396	1842	467	1097	
1204	1325	433	368	1479	1902	
652	995	19	1534	816	726	
642	843	903	1209	59	449	1788	
236	414	858	
144	1059	1201	908	557	1158	1587	1674	1744	
115	559	807	871	1320	1340	962	1739	154	1344	
862	45	1362	1770	461	1923	
21	536	322	1078	261	
415	826	885	1705	1884	1476	
641	1727	1329	1309	1646	382	1948	
575	640	1149	1210	608	1649	1157	1532	
142	1154	1445	976	1098	938	1588	937	
1739	1316	1472	
280	987	1120	63	1773	1620	480	1594	
32	75	547	1043	1060	1361	1650	484	903	1309	892	
267	308	1464	1030	1645	1099	
584	1057	1324	1401	684	51	1091	
103	177	1252	1359	1797	1069	1405	1688	1958	
4	803	809	47	1911	1376	974	1483	
436	1407	1807	1482	710	
275	716	1325	1720	871	1052	
1298	1359	1004	1021	395	
187	1436	905	965	1917	
422	438	1063	303	747	1332	1547	1721	
24	91	300	1175	1496	645	225	1591	175	1535	1982	
323	618	1892	1332	1007	1732	1739	1788	
651	1382	1444	401	949	1242	
75	107	199	777	977	1165	1499	1979	1524	1693	1932	
1442	534	577	1740	
310	735	787	1002	641	1252	1981	1571	669	1663	
88	145	374	769	1061	603	902	1542	
74	318	1016	1093	1230	1250	1273	1254	389	1645	
191	662	1488	197	1134	1212	1617	1630	
375	810	1139	1436	1868	634	1892	42	150	1694	1775	
755	985	1256	205	1617	400	
467	529	781	1491	701	271	1034	
1053	1396	1398	1968	210	242	
90	567	950	1127	1265	263	674	1330	202	1566	
860	1552	1135	166	1865	
1914	628	1697	1820	
176	405	847	1234	1783	53	1696	
28	40	223	1595	1898	
901	1710	450	1207	997	
272	673	942	1261	1276	1084	858	534	878	
268	935	1270	423	1692	
760	940	754	1547	433	1821	1648	
321	1237	1852	1752	451	1946	1955	1987	
1911	1619	
32	111	504	1229	206	
1421	1380	1924	190	368	
748	1038	129	1887	63	1564	1659	1709	
139	569	1029	1278	1307	723	1298	1935	1366	
605	751	963	1981	619	107	832	
192	1047	1107	90	1034	944	
1451	647	8	1926	639	1895	
186	221	784	1601	692	1741	1029	
1259	1192	720	1867	
909	442	51	1665	1918	
459	638	808	930	1357	1733	1788	
82	1822	468	1670	1688	
102	1491	1339	1858	
315	878	1429	1763	249	1946	133	1729	
123	174	1242	196	544	
357	768	942	1709	1256	1420	1283	
118	76	446	385	1413	1535	
734	747	840	1968	409	1940	
239	1420	910	1593	1684	597	1551	
1072	1384	1462	1389	760	1422	
850	943	1288	1474	831	1197	1066	286	1990	
56	637	665	1058	645	295	
453	530	685	1271	1465	231	116	647	1416	
297	1312	127	1528	1488	
227	777	1025	1947	618	1811	1882	
174	583	720	864	1000	1451	1966	883	1765	
196	834	1031	1618	81	1130	
477	298	1855	1229	
56	935	1187	232	
1914	391	740	1081	619	1607	1644	
211	438	1142	1494	650	739	
124	469	1293	1775	439	748	1716	
332	661	226	547	1826	
393	88	120	1117	427	1755	
10	1889	678	1221	1816	1139	1848	1982	
1461	1487	1509	1985	1444	742	1754	
810	1178	953	1805	1366	949	1759	1880	
479	410	1277	1580	25	829	
595	966	663	1892	
925	747	1530	330	
207	422	1502	903	737	554	1738	1886	1920	
632	752	871	912	1251	517	1176	1897	1988	
558	707	887	1670	837	825	1447	
659	1220	582	884	1999	1887	
255	813	1034	1116	723	1380	212	
94	238	752	780	1249	181	23	849	804	509	
320	344	439	1430	1681	663	1656	1204	1613	
215	710	1335	1355	1792	922	958	
517	646	1590	1681	1460	684	1374	1564	
502	1214	574	881	1569	1590	
258	613	586	1714	420	
150	179	287	836	925	1165	1629	88	1763	
511	899	1292	1514	1254	336	904	1560	1787	1986	
127	1138	1229	700	1243	32	781	1118	1929	
214	922	1501	1593	750	1854	1113	1613	1989	
684	1064	1268	1703	1423	1658	1665	1751	
1428	1728	65	
231	922	1282	588	1005	697	1561	1292	1848	
734	1195	1211	1386	1806	31	409	
476	543	1003	1493	79	1841	1604	
865	1043	858	1300	567	
100	339	1138	911	913	265	
205	459	207	8	1997	1648	
13	1332	1311	
426	1317	1400	1418	1900	822	310	180	1597	1676	
1056	1790	1619	1444	
149	1008	1313	803	1709	16	1637	
309	400	428	754	784	433	913	233	923	1623	
536	988	1239	1549	493	150	1335	1888	
101	1391	1228	1944	
549	826	926	1060	1886	1049	1656	
116	664	1285	3	1670	1881	1974	405	1745	1965	
358	697	767	775	800	284	1103	1433	1455	1614	1828	1870	
215	770	1220	1369	1108	1937	1333	1689	1690	1802	
1116	1145	1402	1056	1750	1332	535	
1218	1468	1737	1254	341	
103	447	730	1302	1363	1475	348	1903	676	870	309	1633	
351	878	1321	712	424	998	1885	1935	
473	553	724	833	1560	1287	191	1284	1561	
298	420	1488	566	334	1900	1426	
42	1336	751	860	10	784	976	
905	1530	1566	1143	329	1688	
29	399	513	688	1122	1477	606	1161	171	589	1786	
826	1349	1505	29	1443	1813	1936	
72	305	329	862	1257	1333	1409	369	507	162	516	644	
524	1162	1250	1576	1789	1946	
205	1708	524	387	1753	638	1659	
192	783	12	
1184	457	1709	
288	479	1519	1796	1696	1409	1791	1895	1999	
1683	1069	837	1732	
1380	1308	1951	1938	26	
215	1291	1424	1571	924	977	313	1409	1799	1912	
28	461	561	1157	1690	1113	309	
36	876	1805	117	1906	
819	853	1229	1313	1405	975	1541	601	1710	
1297	1317	1787	
384	643	1995	95	131	1931	
59	114	289	1055	1096	1300	803	348	1692	189	1810	
88	100	412	434	305	1682	319	1204	830	1737	1803	
706	1867	1740	361	1064	
40	1030	1566	360	1255	807	1558	
155	492	540	1221	594	1584	495	1901	1926	
412	569	1092	1376	193	183	1896	
510	904	1036	1294	484	6	1844	1787	
649	1498	1442	1300	1496	
490	769	1293	1538	1971	768	150	
1511	1577	1646	983	1890	654	
1393	1416	1477	1935	1628	1103	12	524	1743	
433	1011	1079	1396	107	646	1951	
1109	1765	1317	29	
7	668	981	1249	1313	1291	1136	1579	
348	635	1316	512	1856	67	1459	1758	
219	243	777	1124	1425	95	1021	1625	
947	302	1207	1346	
1425	1841	1103	1863	646	1401	
158	185	681	725	1189	1620	1732	126	569	39	
122	303	1102	1563	771	1677	1149	1343	1891	1900	
838	1143	1226	831	44	1837	1788	1496	
318	498	1148	540	613	1646	1746	1775	
197	1164	1649	1201	
80	933	1420	1192	1768	1795	1588	
928	1282	1326	278	1832	1772	1844	
209	895	1048	1170	262	1079	178	49	
224	1059	1246	762	1403	152	1688	
870	1181	1578	1979	59	1981	
1914	6	
625	1446	1092	108	1856	
557	974	1154	1236	993	307	988	547	653	
334	966	969	1175	773	462	1103	521	
73	629	1001	1433	1446	1963	873	679	
71	406	1060	1327	1082	478	127	1663	
141	1541	259	1358	1092	
52	286	578	1479	374	1202	1495	1674	664	
56	151	257	1318	1335	1351	1473	1619	1631	1731	1358	1091	
271	1296	481	1314	131	1115	
1301	1509	1391	346	1089	1574	
738	1474	1632	668	993	1289	1053	
644	830	1478	1384	314	1185	967	180	
148	915	1000	339	722	
1025	1142	1246	429	530	36	311	1157	
902	1248	1943	1807	1801	1141	1777	1823	
707	401	924	932	114	162	
1049	1086	1949	1839	223	
15	392	464	469	1558	881	1582	
250	807	971	870	
345	836	1099	425	1668	1567	1683	1753	
179	256	1514	1677	1598	
166	394	424	848	1017	418	1268	1403	339	2001	
687	1100	1789	428	
221	482	755	1078	439	208	1320	1005	818	
837	872	1122	1362	1643	870	1493	617	
1427	1324	1199	1106	
14	217	569	663	1285	1325	1373	1521	583	1567	62	1736	
93	667	854	870	1151	978	1147	1907	1785	1854	1857	
31	886	1059	1067	1962	1839	167	972	1337	
20	865	957	1238	1658	1440	688	521	
424	703	1084	321	944	1748	
1523	1554	1583	1003	904	1449	1827	
550	752	855	866	1045	
864	1385	1460	149	331	216	1987	1712	1925	
29	360	439	557	883	966	978	1001	1194	912	679	1918	
1111	1468	1645	445	1436	281	
529	806	1874	200	214	
1198	1844	533	1691	1576	336	
957	1094	1238	1629	1659	1286	826	396	692	473	
52	496	1307	1068	1865	191	
226	290	994	1713	1338	1705	98	1704	1860	
78	107	167	431	450	470	791	913	969	974	1130	1160	1286	1449	623	1941	
256	585	1264	1426	1558	1560	1896	40	552	1781	1903	
597	1428	1611	1923	1036	
855	1378	1602	715	1866	1658	
570	1530	608	1944	857	1929	
898	1101	1394	856	314	300	
116	251	348	432	729	974	1308	925	706	1027	1385	431	
998	900	1319	1865	
185	229	444	1593	1481	1636	1238	1523	1999	
937	1292	206	1585	1459	1874	1979	
15	258	399	534	751	799	924	1031	1605	301	1585	1858	1881	
17	1122	1193	1369	1423	1676	1248	1697	1719	
60	519	581	827	1610	1508	1359	83	1446	
295	610	1070	1491	546	881	1750	1978	
80	242	523	524	964	1497	992	569	1932	1911	1874	
309	895	1237	1342	1452	1144	252	
25	517	1601	1378	421	1504	
334	376	1461	1503	1691	571	584	
629	583	1270	1943	
61	76	449	416	362	
431	1452	1736	1193	767	328	1806	
1381	69	869	1250	
31	230	465	355	299	698	634	
603	974	1018	1567	857	391	1965	
165	487	709	860	1155	1196	1679	817	
921	994	1472	1679	430	148	222	1179	1276	1834	
649	1279	873	1053	1013	
373	925	1784	1180	1778	1810	
141	1598	538	560	216	1752	
1527	1578	1600	330	1116	1514	410	
375	1303	1381	1506	107	1607	877	1229	
153	726	734	1359	1872	265	566	1377	
600	863	1826	1672	830	1726	2001	
26	1679	
1321	1562	913	930	1857	
1027	1429	747	1046	1083	
816	1543	759	
414	904	1078	1296	918	1342	1752	
203	676	1401	1977	457	28	
65	234	494	1227	1691	835	1356	1999	818	
196	664	737	1322	1484	779	1825	654	506	1787	1863	1962	
421	1487	1392	1128	1893	
10	145	421	633	1064	938	1365	742	
574	1262	1288	142	1002	1089	599	1739	
1079	8	
258	368	415	551	206	971	
687	869	870	929	1712	705	1111	568	
456	900	980	1038	1473	886	487	1083	814	
1105	1568	1029	1429	58	427	1174	1742	
188	775	527	951	1525	
48	377	612	1209	1320	1960	640	1808	1855	
1646	1371	1279	698	1224	
90	1040	1628	1602	1489	
687	845	1327	1398	863	1945	1522	852	
160	1250	1286	1031	353	1036	
842	315	467	677	250	
15	1700	101	1946	1665	
989	1431	1587	1854	1611	1810	
492	1552	147	356	1914	
40	1469	1476	262	1489	1723	689	
368	449	662	727	786	1612	1492	743	826	
1519	1069	153	1397	1980	
91	1407	1728	751	497	1891	
303	870	1039	1199	913	1620	449	
143	1292	1777	531	1468	1912	
1139	1455	1747	499	1583	
671	920	1370	49	1454	1153	1631	
291	431	1745	1406	1058	65	35	1927	
1669	785	800	595	797	
371	620	1005	931	
281	1182	1586	1002	1879	1693	1835	
101	1159	1567	326	126	886	181	
62	255	805	1164	1510	1717	1708	1349	
419	533	1598	950	589	1658	
500	729	1278	1005	260	1547	8	1808	
188	722	1416	84	1545	
885	990	1189	355	230	805	
226	533	1931	1090	865	1897	1914	1952	
218	1148	1813	1303	1624	1933	
110	648	936	1548	756	53	
532	595	1150	106	1295	299	998	784	
519	785	1084	1102	1216	744	378	
552	1004	1101	1200	1844	600	204	
242	383	1289	1525	1563	944	219	57	563	
407	496	1087	1108	1168	957	1426	340	563	1884	
402	982	1537	1622	1824	630	1066	585	1794	
397	68	189	797	1309	
545	75	567	1164	
269	306	451	517	1633	252	1171	1046	748	
502	988	1337	314	56	763	1084	1775	
1470	58	568	
160	338	1402	1834	244	
1376	5	809	1361	440	1634	
67	533	615	827	898	1345	1431	1477	579	1257	1333	
112	606	648	1067	1249	890	542	917	1978	
442	685	1312	1543	1769	1440	910	1631	1497	
138	334	623	1204	1313	1039	1966	380	
1744	1074	246	1653	1783	1825	
1707	35	959	1910	
1235	862	1858	307	1409	1085	1913	
110	698	845	1336	1048	1943	888	1825	
289	415	847	942	1213	1681	241	377	113	1826	1983	
432	614	1435	1844	1310	1105	566	
304	750	832	955	1504	1031	1290	1777	856	1854	
139	1707	1321	944	252	1961	
762	1388	226	1891	1881	1666	
76	1218	1594	388	1175	
81	352	1564	1065	1616	85	1608	1720	
489	800	1095	1630	1420	1466	1522	1443	1489	
339	1446	1597	1661	1003	1428	1876	1972	1832	
146	561	1372	1450	1577	875	460	581	
96	556	1075	1191	1309	387	1362	1601	315	
828	977	1048	1559	1	773	1861	
1059	340	500	248	1348	508	1822	1863	1928	
40	759	1765	
315	1308	1633	1303	255	124	1976	
17	846	914	1601	817	1200	1449	1985	
53	485	1481	367	344	
1164	1051	391	1931	
551	663	1604	610	49	1807	1862	1970	
1459	125	1961	
1653	1444	514	710	1825	1174	1897	
27	392	1585	310	668	1416	1867	
58	598	811	1152	1241	1611	1875	1080	
95	123	235	351	1426	1875	243	36	
582	1548	1606	1322	1260	1103	859	
141	617	1281	1570	63	1700	612	1856	
365	458	674	1483	1653	366	1799	1955	
3	1132	1754	1730	
398	1060	1356	533	117	9	
1737	1707	1610	
300	509	767	1536	998	918	181	1899	2000	
225	733	931	148	930	1949	
117	428	1758	885	284	1595	1242	
128	361	1889	1160	1024	838	1884	
527	1977	1248	190	445	
549	578	1546	1235	154	
63	880	1278	400	688	923	1360	281	
274	572	724	1224	1254	288	256	1853	
349	500	906	1326	1398	960	1820	
247	636	1503	1819	801	385	528	
70	320	1331	1509	206	565	116	813	326	
440	1160	1523	704	1822	1793	1247	1188	
130	574	731	1454	1212	118	1653	
1765	1453	1201	
977	1720	1780	1801	1028	1777	1083	1940	
104	498	513	1544	1712	1432	1781	1905	1404	
1049	1092	1132	4	509	333	1670	1950	
298	476	5	145	1584	186	
790	978	369	1190	1389	1906	1350	
863	1323	1417	1390	1258	
58	1076	100	778	520	1892	
716	1634	1789	1927	
705	1300	547	1959	1916	
1135	1771	967	1705	
1279	1750	1013	1917	1033	180	
1926	49	107	546	1883	
522	786	793	855	1028	1630	611	1348	914	
1444	1317	1383	152	163	
692	1655	1667	1222	1365	1907	
812	501	593	816	1243	
835	1053	1419	1571	1627	1027	1076	
468	612	1463	158	1269	254	
66	524	525	762	194	577	
1616	1676	1762	1782	910	1634	1424	777	1858	1909	
838	612	1154	1211	715	1969	
14	42	1009	1206	214	183	334	22	
1403	892	737	708	
141	558	814	1053	1546	1569	1922	
199	1184	1140	
618	1096	138	934	165	1869	1973	
249	1324	767	948	1177	836	1925	
907	1510	1378	247	1064	1945	
708	1818	584	662	845	1895	
509	809	1193	1566	1737	1783	1666	1346	1999	
715	739	868	929	1138	1252	1455	1539	433	907	1730	984	918	
555	1096	1624	1806	1871	1350	1639	1359	
64	270	594	1905	1175	1714	1666	
1524	1779	85	1844	836	1690	
1931	847	522	710	
589	1180	1245	612	1010	580	150	1679	
503	780	1792	136	1903	1870	1900	
1059	1348	1799	356	1074	1887	
1627	10	603	1793	1720	
212	911	1930	1460	276	
411	680	1120	1678	1687	449	1502	893	1254	1367	
295	401	503	1683	133	510	1368	1891	1991	
94	737	826	1351	1520	1612	349	943	1051	1802	
593	1002	1497	186	485	688	
186	474	1850	34	50	131	1874	
526	1212	1236	1247	1378	1861	850	1584	1145	
1856	285	1950	219	
1711	955	1452	265	
352	676	968	164	554	812	908	869	
214	379	1133	1289	1675	1689	1869	724	1694	
518	874	965	1124	1283	1803	1804	945	1967	1112	1314	
682	852	1789	1057	1099	
753	886	1284	1179	562	835	1025	
168	292	1203	602	154	1284	498	1880	
69	188	773	1750	540	232	348	
1112	1340	1548	1878	
9	246	456	802	1030	1413	1583	1785	1919	58	1690	1166	1164	
508	832	1536	1111	1125	378	930	
704	869	991	1205	1449	1362	1893	1920	1836	
279	1472	1764	1814	978	1311	782	1947	
231	1148	236	1442	1589	1963	
68	374	1199	1582	1552	1104	873	
1013	1083	1514	1974	1862	1555	
48	1261	76	1580	134	1963	
1108	1265	1546	1814	1443	160	
699	1619	1366	446	1378	
556	793	1227	1785	1866	1742	1399	1629	70	
1094	1489	1497	817	1043	1831	1550	
688	1080	1883	1721	1124	
514	773	42	1946	1226	1087	1906	
79	366	389	795	906	1152	387	596	1518	1853	1601	
1681	590	974	1344	865	1615	
98	1553	1757	1801	461	869	
135	179	347	1171	1505	1072	1299	264	
661	742	873	1240	240	1811	1272	
661	1181	1576	1591	1861	772	1629	1965	
1614	728	190	
1231	1272	1464	301	33	
1588	1861	1681	302	1426	1107	
367	702	401	557	806	
194	1070	1826	1857	487	496	1177	687	
1829	1606	345	919	1894	
1005	1166	1259	1666	964	352	772	1839	
181	524	749	1403	908	416	504	934	1926	
273	876	1844	323	97	
254	297	564	468	284	1778	1253	1935	
1448	1482	1511	1694	251	476	1926	
195	602	964	1104	1604	1423	930	1744	
105	259	320	1942	1779	1961	
565	964	1503	1541	1638	471	1757	1738	145	
1320	251	324	1045	1024	693	
210	268	1440	247	769	1305	1833	
1835	956	695	1486	
23	263	446	1199	1203	1377	698	1673	1521	1401	
140	1881	387	341	1976	
280	555	949	980	1382	1883	981	572	1552	485	1041	
801	1304	1460	524	770	1058	
82	111	1366	1848	1258	644	1014	785	
226	1413	1682	905	1470	577	823	1380	
318	1513	1045	1351	806	1090	694	
1672	1851	118	
646	1107	1266	1518	1836	1908	194	882	1911	108	1614	
475	965	1062	1747	1281	1832	
172	578	1334	468	1029	1793	1039	
1054	1433	1368	765	1565	1684	
1864	210	1087	691	
353	567	643	1757	1859	1609	1181	1798	
526	769	1356	1694	738	862	74	1491	1933	
1321	1397	1932	1008	923	1758	1955	
196	1364	1020	269	926	1442	1950	
356	1110	1515	1620	1589	1269	233	1910	
495	1078	182	316	263	1595	
1108	1163	1585	412	1329	1397	87	
540	839	857	1603	1107	638	848	361	
33	511	
23	1825	1418	1529	1269	896	1995	
333	677	729	655	574	1680	878	
526	1327	1913	165	803	1166	369	
215	1653	1780	885	594	1007	1698	767	
690	1581	1684	958	1158	395	
272	1733	1084	1852	238	1946	
273	589	800	1525	1597	1736	1894	1945	1510	1325	1073	993	459	
867	1136	1219	1536	1884	686	211	586	68	
700	950	1017	196	718	1473	322	
146	919	1655	1812	1317	851	
104	193	916	1827	1871	953	1934	1387	
784	875	1603	1282	92	174	1621	912	
557	836	1169	1107	1967	1338	1024	1757	
58	258	621	1416	148	658	
983	1088	1254	570	746	1152	
1086	1807	1364	1510	1933	
46	530	554	780	1274	
1091	203	301	
364	571	1315	1979	1481	1998	
69	1222	1833	134	1069	1015	641	
342	1730	1214	
67	1174	1178	1913	1441	1800	403	1784	
1036	1062	1390	1667	693	1720	
254	770	1642	1888	319	612	1885	
343	365	562	746	13	453	
473	1703	1900	744	618	1360	1583	
18	989	1185	1537	1776	1179	658	917	
1875	1952	317	
235	1500	1529	1008	134	869	
390	958	1366	703	1845	598	
330	369	1076	1799	262	819	1265	1973	
25	1217	1246	1618	618	396	785	
279	1789	310	18	1275	
238	1105	1167	1392	1850	1970	572	1095	
586	744	915	936	1121	1240	1295	1583	1887	73	1358	1347	
920	1036	1090	1200	251	
1919	714	1795	1071	679	1983	
1718	1815	344	618	1018	
1693	1774	978	
121	281	430	569	842	937	1491	1637	1958	1689	197	1392	
992	861	517	772	1741	306	
36	404	691	1493	1516	657	1637	
367	582	585	1546	244	1488	
43	1040	864	1781	581	1976	
1999	972	1179	894	
6	251	308	1412	1436	1547	1796	25	1997	608	354	
154	271	861	1088	1133	1140	709	313	529	1564	
1672	1153	1510	
9	195	540	887	1553	932	1135	1166	1018	1991	
416	491	1566	195	959	861	
91	460	747	1532	196	676	150	
435	490	255	1988	1866	
710	980	788	299	
1296	1100	665	1307	
580	892	993	1453	1154	589	845	1150	
511	939	1125	1609	943	1940	1217	719	77	
180	460	547	846	1269	147	645	1174	38	
7	375	639	766	1574	1985	237	1231	
121	481	644	834	1292	1312	1365	1420	1958	1004	
629	1555	1719	1854	1984	1601	1447	94	1688	
575	1811	
948	1712	1660	
40	1033	
648	1198	654	
1263	1204	



























































































































































































































































































































































































































































































































































































































































































































































































































































































































































































































































































































































































































































































































































































































































































































































































































































































































































































































































































































































































































































































































































































































































































































































































































































































































































































































































































































































































































































































































































































































































































































































































































































































































































































































































































































































































































































































































































































































































































































































































































































































































































































































































































































































































































































































































































































































































































































































































































































































































































































































































































































































































































































































































































































































































































































































































































































































































































































































































































































































































































































































































































































































































































































































































































































































































































































































































































































































































































































































































































































































































































































































































































































































































































































































































































































































































































































































































































































































































































































































































































































































































































































































































































































