1	54	61	143	169	190	207	251	260	277	291	342	406	
0	11	499	188	105	458	22	113	4	236	338	145	193	243	58	85	91	136	164	208	212	287	292	319	351	397	402	420	448	
188	2	13	370	378	219	296	20	425	104	405	277	90	434	377	58	170	198	203	229	321	443	467	491	493	
400	242	100	308	335	29	26	382	123	143	142	75	341	17	71	79	111	176	224	245	252	264	265	273	303	359	396	410	474	477	499	502	
1	83	444	371	461	493	191	24	253	14	95	176	194	197	200	346	402	432	438	445	453	460	470	482	494	
109	194	30	13	371	288	300	476	148	38	87	221	329	95	160	129	332	18	23	69	158	198	211	219	230	321	340	346	365	403	428	467	470	483	493	
274	248	381	48	189	456	121	106	335	123	180	399	342	152	420	218	132	216	249	289	293	312	378	397	404	411	478	487	489	498	
456	274	85	259	489	436	447	135	497	240	382	158	101	22	51	60	94	100	141	148	166	188	202	246	326	411	452	
248	278	268	333	378	177	461	91	115	440	233	241	186	266	481	56	127	144	211	217	271	344	398	422	430	475	484	
281	374	452	180	421	136	468	155	405	294	435	346	13	213	302	206	80	120	165	219	234	338	364	394	432	454	455	484	
278	58	61	369	395	496	371	102	38	276	448	200	136	229	477	487	91	132	173	174	180	280	283	288	314	384	430	437	485	
1	465	41	473	37	357	233	275	371	257	38	392	17	26	46	57	85	91	151	206	226	235	340	365	379	424	455	458	
39	91	309	288	12	386	145	217	52	267	89	197	223	33	45	163	276	322	328	337	387	474	481	501	
2	5	9	186	396	161	127	230	422	499	277	449	101	13	411	311	15	31	90	119	136	168	170	227	241	245	292	297	301	363	394	438	466	478	482	493	
277	83	497	28	55	146	130	149	193	437	4	19	308	483	21	105	190	208	241	335	367	370	377	462	
170	389	334	316	394	227	93	360	276	102	248	13	420	126	40	38	18	19	77	89	115	147	150	185	191	210	245	277	310	361	374	481	
351	421	132	484	494	310	34	206	158	142	469	37	85	280	327	343	31	101	131	163	364	395	402	405	409	453	455	457	481	497	
11	454	123	167	296	317	256	170	282	157	267	471	3	262	38	50	74	257	320	329	346	365	382	396	397	436	474	477	502	
298	326	15	316	204	5	462	287	130	283	312	46	96	128	144	171	209	341	390	401	415	417	468	
14	307	136	216	302	143	177	53	165	349	129	269	468	15	192	25	84	170	223	267	309	406	429	435	443	
2	213	320	106	109	225	85	267	406	397	292	300	469	30	38	67	145	161	170	245	284	364	371	
14	289	324	74	296	395	467	194	330	271	446	22	48	80	149	152	162	165	174	250	345	475	
1	21	380	450	372	243	441	87	75	341	7	47	487	418	85	235	70	109	158	189	276	278	290	302	342	388	461	483	
414	242	447	461	5	223	198	41	45	94	213	218	228	278	332	387	390	480	484	
4	109	78	375	481	498	280	131	29	110	420	45	153	31	84	140	150	229	291	328	334	356	360	376	379	383	394	407	469	495	
83	293	28	261	477	212	208	193	177	480	159	19	219	422	54	61	146	164	232	287	318	319	471	491	
3	32	11	106	67	432	171	87	172	238	433	320	280	310	375	139	173	201	270	352	368	381	382	385	465	466	496	
462	104	335	354	218	326	57	231	132	368	86	135	314	480	111	142	168	187	189	192	219	245	252	333	372	454	479	
14	25	441	451	230	484	39	284	251	109	414	90	351	165	53	77	157	174	190	264	298	315	353	369	370	375	394	405	446	447	458	473	481	
3	24	302	453	223	68	141	48	483	383	377	108	116	87	200	235	176	67	97	230	243	287	341	430	466	500	
5	20	224	320	430	433	141	493	396	38	211	199	264	275	247	33	78	90	93	168	194	236	272	273	336	347	429	
167	363	24	33	273	173	16	290	13	419	357	54	83	354	229	42	65	66	68	186	235	260	294	319	466	472	490	
26	313	114	55	242	77	170	482	338	293	65	40	283	239	401	445	59	209	215	258	387	398	419	431	481	485	
31	469	44	481	138	30	379	107	470	180	12	489	249	50	42	47	87	95	131	179	198	237	238	244	252	281	323	337	345	401	429	448	457	458	
16	324	452	427	223	366	81	267	114	152	251	297	340	322	95	298	161	101	48	49	82	124	144	159	220	236	278	313	445	483	498	
69	171	219	90	197	346	114	248	354	238	119	206	214	224	300	301	347	366	377	396	397	411	466	
354	268	429	458	375	396	410	295	168	161	266	317	391	92	127	136	167	192	208	252	284	290	293	422	441	453	472	479	485	
11	16	133	475	449	202	91	426	465	90	347	450	203	223	93	310	296	46	313	329	43	55	97	102	112	126	134	144	150	162	177	263	282	387	437	478	
5	10	11	15	30	170	396	156	179	157	207	473	139	452	17	165	63	20	480	478	260	305	79	89	94	123	126	217	244	276	278	373	464	
12	28	447	469	131	177	422	248	254	106	222	75	315	240	443	140	435	61	71	103	260	328	362	366	413	
15	32	208	338	393	146	133	424	209	332	435	288	251	233	267	80	163	186	253	405	421	422	458	470	
11	104	472	88	167	61	138	208	126	200	358	23	79	379	157	132	204	223	382	398	408	447	
156	33	432	207	358	222	296	420	280	242	239	406	304	260	31	44	53	92	100	176	210	220	277	368	385	468	
117	394	468	342	50	307	276	396	145	254	75	297	37	477	51	113	138	193	205	231	278	322	334	350	363	370	503	
33	183	154	42	451	344	484	70	74	398	272	179	440	106	57	71	76	83	87	118	127	213	255	345	347	349	395	417	461	462	493	
24	288	315	380	82	468	407	181	12	79	450	405	214	122	50	179	23	66	80	96	134	136	227	231	427	454	
37	499	371	358	346	55	158	434	197	128	264	11	18	492	320	240	71	167	176	258	283	351	399	420	444	447	489	494	
22	84	410	210	462	267	70	240	75	199	302	33	257	325	78	81	96	112	135	246	249	272	274	387	418	439	442	492	
6	29	249	407	21	52	106	181	137	109	257	177	342	454	34	71	233	243	269	280	333	405	463	470	485	502	
134	438	316	495	164	330	95	478	157	34	234	205	321	60	117	120	155	168	199	213	292	328	348	355	369	437	450	504	
33	43	45	483	338	376	452	260	182	215	358	117	17	213	474	146	89	116	134	142	164	180	194	235	241	297	304	309	339	365	424	436	440	470	496	
418	43	235	7	389	393	417	387	51	142	242	172	481	155	372	102	107	141	158	186	225	262	319	330	341	355	432	440	459	466	
12	48	254	57	344	290	245	270	340	153	115	133	453	92	474	65	107	131	165	176	235	258	268	387	392	394	395	416	486	
19	28	474	153	94	127	207	75	102	42	499	375	147	251	277	71	110	121	200	233	261	274	327	331	332	341	368	401	419	459	496	
31	25	346	126	391	56	336	384	463	106	125	495	494	214	0	281	60	102	112	140	192	194	215	248	250	298	326	357	358	414	461	
14	32	46	319	478	389	378	309	390	315	454	331	244	218	443	37	268	175	58	115	129	157	185	203	263	336	371	381	449	455	
54	352	60	119	163	488	144	185	298	448	271	137	149	483	8	62	109	133	314	342	355	358	473	492	504	
27	52	115	279	441	486	476	259	111	496	275	320	220	44	471	256	11	242	58	170	189	195	317	364	422	436	480	482	488	492	
10	488	151	165	1	182	57	419	376	2	95	55	155	337	241	184	245	74	118	121	179	183	227	256	275	285	286	352	355	412	452	
32	172	129	117	481	180	98	142	113	77	105	148	174	247	249	290	292	335	362	396	418	429	
56	352	124	207	344	325	312	489	427	54	280	7	493	49	308	302	459	68	85	108	156	204	226	227	283	377	
10	41	273	0	196	205	164	309	140	346	260	450	25	166	264	239	39	97	272	111	267	286	314	316	332	358	363	378	386	402	428	449	462	
295	111	171	254	56	499	136	449	104	249	219	194	296	142	322	155	166	170	213	242	293	321	341	394	417	472	504	
38	64	420	157	228	485	250	249	424	313	224	185	467	345	398	308	465	76	122	133	134	151	182	219	254	340	344	396	
63	87	273	280	222	195	225	264	417	116	271	156	315	278	274	73	115	174	226	245	256	297	329	399	465	479	
32	162	307	145	263	31	277	69	122	304	424	157	52	490	357	166	369	488	78	144	172	178	188	209	213	215	228	234	266	276	314	431	436	480	497	
125	455	132	292	45	187	233	178	31	397	474	153	333	210	129	139	148	173	192	201	247	305	348	352	366	369	372	385	412	427	437	462	471	502	
26	195	29	404	100	179	155	284	293	268	484	219	90	20	98	124	163	191	234	273	306	315	353	383	394	421	
29	272	386	92	103	452	134	325	271	263	403	157	31	214	60	470	408	110	132	186	228	247	294	423	482	
35	65	408	477	5	482	152	166	156	231	294	197	455	163	275	94	112	106	159	170	204	214	290	305	322	323	325	341	366	376	391	401	480	499	
44	47	385	350	468	105	75	22	276	173	109	262	188	376	116	123	221	249	286	318	408	457	475	498	
385	186	309	48	480	3	105	53	418	44	46	39	344	90	124	256	257	284	314	396	439	
310	422	127	100	336	195	148	484	404	263	394	232	249	281	292	293	296	344	349	358	390	406	415	
64	205	165	174	311	152	122	396	110	443	181	332	439	213	314	315	318	354	383	397	423	424	
21	44	270	58	153	449	74	135	393	489	161	419	354	373	148	84	238	17	377	120	126	143	236	268	292	306	317	
3	22	39	43	47	53	70	275	155	415	104	111	232	436	397	475	487	129	171	172	179	238	243	257	273	289	321	386	394	472	473	476	
458	263	147	208	408	477	44	63	472	106	278	416	398	298	401	176	244	284	286	308	346	407	426	450	460	483	487	
28	32	87	127	181	249	59	254	15	321	439	469	288	403	404	101	138	285	329	356	366	425	450	
24	65	245	410	30	299	459	313	47	190	136	91	302	328	476	88	135	166	188	211	214	229	272	295	318	337	358	377	379	482	
41	45	322	161	95	402	3	113	213	206	38	409	257	203	282	83	89	158	176	188	278	279	336	427	481	
242	45	377	9	40	273	466	143	321	21	288	106	167	189	203	224	251	254	313	331	342	373	419	429	459	
34	225	434	478	276	495	304	132	82	275	484	236	428	356	488	95	485	378	47	94	110	146	154	165	241	281	298	303	359	364	380	416	
45	81	159	149	384	494	309	289	34	479	151	330	431	354	447	153	247	275	299	310	326	341	438	
4	14	25	31	345	187	165	44	79	289	414	357	429	253	402	84	98	139	194	212	228	267	288	306	309	330	354	376	430	432	
47	74	192	133	323	324	83	462	97	427	444	19	216	296	24	436	277	93	106	158	159	197	222	238	283	341	379	433	477	479	480	
7	16	20	22	109	1	224	479	310	405	266	11	287	159	93	334	60	327	343	452	92	100	137	161	163	217	228	241	260	381	417	426	454	470	475	500	
27	229	284	243	119	123	231	159	214	87	437	413	298	411	426	234	107	125	145	146	166	177	178	198	299	304	308	384	389	403	
5	22	26	29	64	77	86	44	403	485	165	137	489	276	347	211	191	221	395	150	33	105	164	166	175	229	271	277	284	289	308	313	398	427	
41	327	139	124	464	78	187	457	499	459	290	256	237	141	152	178	218	259	348	353	365	469	476	
12	50	403	493	468	218	108	382	333	79	106	345	113	262	38	15	96	182	255	266	273	344	369	409	455	
2	28	35	37	67	421	422	420	94	182	71	30	105	13	399	456	489	153	252	183	234	238	258	371	374	382	447	476	485	
8	12	37	78	397	192	10	202	168	328	177	134	399	11	410	1	278	106	113	141	147	160	187	229	296	300	338	375	422	453	459	488	
52	68	36	42	138	196	391	85	144	94	453	365	207	173	113	192	214	215	247	311	402	414	442	471	486	496	
15	37	85	30	336	301	182	464	480	140	424	252	494	84	95	121	133	136	236	239	251	279	284	292	339	340	409	448	457	
53	69	90	92	38	23	112	118	352	492	7	212	310	355	376	230	188	81	100	137	153	190	235	275	284	300	302	385	387	424	
5	34	49	58	79	81	390	265	181	467	294	455	4	110	317	180	286	33	93	129	139	185	240	301	425	
250	214	208	225	47	371	379	409	394	489	18	45	424	257	296	217	89	356	118	152	189	220	280	290	322	387	399	432	437	447	466	474	
61	84	386	99	29	356	37	340	495	473	303	114	479	470	121	123	136	237	238	250	261	292	347	391	438	490	
59	274	338	259	243	67	382	462	471	484	370	422	355	340	83	101	171	184	231	246	283	310	314	389	445	480	497	
97	169	306	498	187	118	400	323	273	251	364	408	359	378	419	123	156	193	199	245	340	360	476	
3	67	72	290	216	112	498	156	42	286	316	7	225	482	85	367	235	383	397	376	238	94	136	243	267	323	353	439	440	450	457	
7	13	34	296	396	426	274	131	98	169	119	77	151	208	16	104	160	181	201	216	278	336	352	419	447	452	456	499	
10	15	53	54	388	146	226	248	51	254	280	37	171	370	118	119	121	209	219	467	483	
68	393	186	390	142	440	302	333	345	216	183	371	206	39	133	230	261	273	274	281	289	314	324	325	351	406	474	487	
2	27	41	62	75	187	101	499	182	105	282	215	363	359	314	298	480	129	150	191	307	311	350	382	386	418	419	435	441	
1	70	71	90	104	14	372	301	321	114	87	477	126	435	218	277	267	396	137	407	59	127	184	185	225	269	274	337	348	423	426	467	469	
6	20	26	39	44	48	54	76	89	145	395	84	363	69	242	484	263	132	80	456	429	337	492	91	161	473	113	219	233	261	330	335	340	435	462	
33	395	350	175	86	357	52	257	261	240	51	304	222	250	112	137	166	170	191	195	237	403	453	488	
29	89	433	288	372	232	407	154	60	412	218	382	246	149	156	245	269	295	305	348	352	367	368	442	504	
5	20	24	28	48	70	85	22	125	309	267	189	238	417	56	466	384	257	165	214	367	
24	73	95	422	389	462	304	468	68	197	53	406	204	482	81	372	199	209	288	293	307	386	411	
57	62	75	319	216	3	412	234	411	271	191	61	225	27	341	210	348	321	151	175	224	260	286	295	336	337	349	364	397	431	480	482	487	
69	94	100	54	47	468	138	255	434	184	301	396	449	219	477	495	107	37	181	194	248	282	290	303	308	460	467	
1	59	79	89	91	374	242	139	106	414	255	43	413	190	378	252	382	421	143	248	92	185	285	332	359	384	396	446	
32	34	35	97	105	252	366	392	181	405	410	123	356	309	197	456	368	242	164	201	249	323	333	430	471	484	
8	52	57	345	138	155	187	421	64	337	144	499	15	400	55	152	260	262	350	383	491	
29	64	295	70	268	317	422	185	438	50	499	388	376	246	307	139	140	214	318	326	328	385	397	453	467	479	
43	50	59	490	420	387	437	303	276	222	362	178	388	49	169	445	259	202	192	208	167	199	204	271	311	477	498	
94	99	363	96	155	243	233	406	58	265	44	102	489	136	133	171	198	227	248	269	280	291	334	360	393	441	481	487	
56	86	101	469	13	427	300	167	102	304	35	137	289	292	435	188	246	274	285	436	445	497	
412	49	297	74	427	224	170	147	438	160	9	134	429	163	138	150	173	199	222	378	386	407	440	459	
6	496	102	181	271	363	429	317	93	187	473	58	97	196	53	389	127	243	254	264	285	287	337	443	
45	65	73	299	162	337	414	185	434	378	415	63	211	206	478	161	238	272	274	289	332	393	464	485	
3	6	17	86	114	488	259	460	99	183	313	97	437	427	70	405	458	396	38	485	230	256	270	273	294	341	374	424	490	495	
60	88	163	134	363	71	172	408	34	67	382	340	410	225	233	234	250	263	269	392	405	436	
54	66	109	453	357	456	330	467	174	352	421	271	412	86	160	223	164	178	216	254	373	385	405	436	474	
15	41	54	105	270	301	226	74	192	443	272	323	442	37	38	476	148	155	174	216	252	254	375	434	
13	53	72	77	105	496	440	462	283	422	44	292	8	36	337	220	491	121	348	147	148	159	180	263	291	313	320	325	364	400	419	442	492	
46	18	307	231	438	188	488	197	495	428	484	482	131	149	159	246	289	309	348	458	494	504	
5	19	59	75	104	55	340	95	241	253	439	461	66	339	260	246	282	345	136	209	277	283	
14	18	423	205	130	337	271	399	165	459	334	263	244	161	176	181	198	264	299	383	406	424	
24	39	101	33	454	16	136	436	128	484	211	169	352	449	243	282	52	448	142	149	181	185	238	251	257	420	443	473	
16	27	66	81	106	68	184	6	41	324	306	239	485	200	385	150	10	415	219	151	185	190	208	230	263	270	274	305	309	321	339	341	350	354	378	462	493	
37	40	52	84	270	424	63	445	241	118	269	463	93	459	56	103	383	309	150	175	208	242	246	271	288	346	352	359	396	398	427	437	460	
49	68	91	120	124	168	169	37	205	45	422	63	50	145	136	341	289	408	231	405	198	138	166	274	316	379	414	436	450	468	
7	27	74	349	392	193	197	183	469	386	47	275	334	176	262	78	155	308	311	344	416	443	446	473	
9	10	19	62	78	118	131	134	45	97	188	363	280	412	147	1	36	129	469	93	228	487	13	449	100	203	260	302	321	327	350	408	438	458	478	
48	56	87	105	119	440	227	480	402	85	107	378	94	273	493	165	229	246	251	307	350	362	376	381	426	427	445	500	
33	41	92	112	115	247	420	365	212	120	77	325	445	379	134	171	43	183	186	200	263	336	358	381	444	496	
38	88	113	475	196	493	346	292	280	225	83	485	447	66	351	95	116	26	248	268	278	290	386	437	442	453	474	
39	61	93	165	116	468	472	185	54	399	349	217	498	250	248	280	370	24	147	260	277	343	364	375	390	414	421	428	438	450	493	
29	30	88	91	302	344	478	306	248	383	315	51	241	411	7	389	159	223	304	311	328	334	388	415	416	473	489	
3	16	51	59	62	103	184	214	50	283	242	27	343	376	131	487	383	305	165	189	213	244	279	341	356	409	467	491	492	
3	19	80	113	173	74	335	402	330	450	451	372	349	364	397	447	0	168	220	226	235	261	288	333	334	365	373	393	425	461	465	493	
56	92	115	326	315	182	237	34	485	65	8	373	18	234	37	166	208	255	261	349	360	371	401	477	
1	12	43	65	106	134	274	86	394	167	486	339	449	369	201	20	247	296	293	190	248	256	317	332	335	353	447	458	484	
14	40	50	102	25	81	360	170	384	86	282	351	402	353	240	217	231	262	271	280	284	290	299	329	337	380	387	394	416	435	449	455	463	475	
53	76	120	127	136	91	415	341	496	140	269	198	147	286	354	446	344	212	330	15	161	197	203	220	266	272	311	327	369	420	438	457	469	
5	72	74	365	7	66	233	315	163	299	180	303	127	221	217	126	450	59	157	189	196	210	228	254	295	347	348	388	392	443	463	
14	56	82	235	282	247	480	252	182	108	128	21	201	131	167	239	253	257	317	326	347	400	401	412	452	461	462	
87	132	315	37	275	24	120	15	267	201	133	347	278	104	496	179	487	162	182	187	190	196	208	234	292	310	341	363	383	388	424	456	502	
58	82	101	232	170	111	63	484	132	477	430	297	291	11	199	398	420	426	226	273	286	299	396	449	479	
6	34	69	73	437	88	21	427	115	383	376	394	274	96	220	190	211	216	275	303	313	357	451	501	
24	52	53	66	74	90	82	486	308	172	204	282	297	489	440	241	186	94	178	218	448	176	295	315	330	334	389	397	415	417	442	
44	108	298	201	413	425	81	235	323	434	358	172	409	185	212	403	418	458	477	492	
9	51	58	67	75	115	118	126	392	310	62	230	259	214	135	49	210	265	176	269	342	354	387	503	
38	42	64	69	100	479	229	228	108	99	281	220	218	366	233	319	211	472	334	60	276	279	351	435	459	476	495	
17	38	41	49	63	65	68	297	489	148	459	55	194	337	425	249	417	308	28	183	190	220	234	256	273	288	291	338	391	409	434	461	472	
7	16	46	394	84	480	315	5	249	79	448	51	255	22	390	160	180	203	226	251	268	310	332	340	398	475	
25	82	85	86	141	69	128	127	234	396	305	172	84	34	331	384	189	191	199	212	254	262	268	270	285	330	500	
5	120	125	180	262	316	158	404	424	251	91	419	352	303	101	295	350	432	486	491	
13	34	36	74	79	106	376	365	122	232	371	147	392	130	437	421	218	85	409	345	219	20	275	255	294	335	357	379	456	467	472	503	
65	122	457	37	353	218	476	305	391	296	469	21	393	401	150	376	470	215	248	265	357	377	404	411	419	426	431	477	495	
56	69	120	124	148	435	12	203	490	16	85	168	349	40	67	195	279	283	315	419	169	196	238	247	267	312	353	
49	61	114	87	484	411	125	1	350	301	50	423	25	195	240	237	199	304	337	370	375	445	
19	28	38	58	73	83	87	130	140	495	109	370	322	465	9	180	378	137	52	81	485	393	483	262	227	142	21	218	225	235	242	265	273	279	294	334	338	372	382	436	440	446	473	476	
61	65	69	86	279	480	444	237	378	144	87	134	202	496	78	425	62	7	107	173	188	211	259	320	327	361	409	460	500	502	
17	31	41	119	145	439	490	237	299	117	390	149	36	46	397	287	438	80	261	280	361	416	457	485	504	
36	91	134	163	342	456	143	13	488	49	436	345	423	30	336	27	194	176	183	250	297	399	407	412	429	487	498	503	
99	101	117	131	134	453	449	432	468	0	475	310	334	431	491	336	395	446	465	163	194	216	218	288	303	312	326	347	360	406	412	493	494	495	
15	17	32	38	120	146	151	309	107	368	62	69	20	291	194	359	13	19	57	2	264	479	210	259	288	356	391	401	439	486	
26	35	62	102	138	18	194	301	185	443	330	347	75	118	380	388	310	98	281	220	240	300	306	319	327	355	358	370	395	420	
26	51	59	124	153	154	159	449	320	222	487	485	376	393	65	428	378	257	252	75	401	205	235	237	247	251	290	299	349	438	439	465	470	
31	70	92	143	10	428	26	66	363	309	120	253	495	452	166	419	397	193	181	205	207	249	277	293	383	387	409	480	496	
73	125	126	386	245	10	263	334	59	387	366	28	64	21	396	189	262	285	355	405	456	485	494	
55	107	87	111	252	133	361	405	415	475	444	339	451	456	378	279	321	202	288	352	374	454	482	488	497	
29	76	135	4	153	287	267	168	52	42	239	246	3	130	79	46	371	155	234	238	264	309	330	357	358	384	397	411	433	469	494	
8	19	25	39	48	91	276	434	353	315	182	430	390	37	446	406	86	195	332	344	437	
66	117	153	482	125	86	348	230	65	300	353	469	461	466	263	271	88	264	330	367	395	499	
38	44	45	67	150	315	33	179	311	291	384	58	332	75	360	323	344	269	297	306	331	355	398	411	422	429	442	452	482	
6	9	33	59	95	148	160	165	361	470	244	50	10	306	206	224	248	404	127	158	309	496	410	253	318	329	375	393	453	
45	48	73	77	95	114	121	211	242	101	130	206	451	471	131	341	388	403	462	173	112	215	225	290	300	367	378	501	
50	58	90	93	104	144	149	177	352	245	322	269	467	150	201	63	316	265	283	413	206	89	334	196	267	295	333	342	348	426	433	442	447	485	501	
44	103	123	135	90	138	341	259	281	197	448	349	422	58	157	290	198	414	168	322	191	360	428	466	476	
58	112	132	142	460	440	105	297	311	400	219	407	257	314	187	98	217	253	427	456	500	
56	63	116	122	140	171	15	492	195	131	105	499	348	154	410	95	187	55	113	132	352	370	373	376	404	434	448	453	495	
8	13	71	103	153	138	244	261	372	331	347	292	40	51	395	31	252	488	68	193	202	209	236	335	394	411	436	469	476	486	503	
66	83	88	99	104	115	121	184	185	284	282	91	298	150	253	360	316	265	337	349	27	366	203	268	317	354	367	372	388	480	
1	2	70	94	128	136	323	228	453	458	78	205	79	7	216	191	119	385	65	451	166	235	258	266	314	322	338	381	411	446	466	467	
6	109	301	27	458	142	351	57	80	206	159	174	148	228	254	22	96	207	230	266	321	322	346	378	385	404	475	490	498	
78	113	145	289	220	309	28	152	391	244	379	150	0	258	14	227	157	132	412	94	200	239	245	250	370	380	425	441	501	
4	87	111	188	466	481	408	475	159	104	67	183	353	107	15	227	250	297	357	399	417	422	430	465	491	493	
19	84	91	117	126	92	228	478	262	247	54	66	400	36	205	275	364	27	291	244	263	310	312	313	327	342	351	434	441	460	
1	14	25	135	173	330	269	416	236	43	226	436	304	261	99	464	437	444	186	340	381	430	494	
5	21	62	157	168	170	171	83	333	235	490	169	249	4	30	284	112	50	54	223	270	278	307	343	347	372	381	399	415	446	452	474	494	
64	67	72	163	164	185	366	57	404	422	463	299	177	281	381	107	202	200	388	233	436	242	377	206	236	283	423	440	455	464	485	
61	92	121	139	347	150	295	442	455	358	182	255	322	163	284	148	252	250	275	324	328	
12	35	46	69	110	114	128	135	183	220	493	197	4	460	147	204	297	84	371	360	452	260	353	202	245	315	345	380	386	394	
23	134	147	183	5	344	33	118	402	256	394	246	2	390	86	130	334	275	405	392	252	234	237	282	300	308	386	460	499	
30	47	151	277	117	120	49	325	99	388	228	164	110	234	440	159	213	214	254	273	377	391	473	497	
10	29	41	132	195	138	441	426	499	343	53	270	330	232	4	309	269	190	240	262	326	351	400	
145	149	150	154	182	435	373	304	101	213	114	26	473	384	66	409	258	322	323	364	417	454	488	498	
37	91	117	166	195	197	239	186	430	218	175	7	332	224	287	347	392	432	439	483	
37	79	163	136	238	147	80	357	55	358	275	158	187	344	2	274	426	225	206	217	253	345	347	355	374	413	461	504	
18	110	153	197	288	391	329	260	252	458	117	220	69	420	41	60	253	319	382	418	493	
49	61	73	130	134	188	192	279	391	253	294	411	420	43	172	482	342	267	173	316	289	334	221	291	298	327	328	378	381	386	415	500	
9	16	79	103	122	180	181	182	189	292	459	11	414	203	195	35	241	460	445	291	317	335	376	396	501	
38	42	53	60	92	416	414	422	0	477	243	189	363	320	173	214	255	279	394	397	419	430	441	483	
25	40	41	76	96	101	117	299	224	133	237	36	322	309	132	144	150	1	14	238	241	245	271	276	290	292	421	
40	392	259	326	223	32	65	186	406	18	129	393	379	110	274	102	230	271	310	447	464	491	499	
47	66	111	155	309	452	449	170	231	148	477	428	283	42	383	15	289	348	216	234	239	320	432	450	
30	87	122	131	156	181	289	240	484	331	5	152	8	166	496	478	316	78	217	480	228	324	360	371	457	495	
25	94	138	147	380	258	374	154	456	316	159	331	462	387	332	493	365	1	83	384	330	230	280	299	300	307	320	325	366	442	
9	20	50	79	201	255	142	23	62	448	49	44	199	261	438	426	275	73	65	353	482	249	252	265	273	296	302	307	324	326	350	357	398	434	445	
45	54	68	86	96	142	155	35	218	116	308	78	207	359	434	374	92	69	199	228	109	252	441	303	370	452	458	463	465	503	
50	104	471	348	54	495	32	347	181	394	480	445	65	92	162	225	282	223	269	287	296	309	359	366	379	407	478	
19	84	100	103	111	188	125	321	319	101	238	483	221	423	271	126	169	210	258	461	6	152	371	228	232	275	280	295	338	447	467	
12	96	140	148	211	146	184	248	288	391	8	323	203	264	85	267	38	252	218	293	301	304	361	411	413	417	447	451	503	
6	27	55	89	105	108	153	156	161	162	202	214	298	235	217	242	346	279	23	169	88	417	295	218	165	350	231	281	380	419	481	
2	25	35	62	67	112	132	161	184	63	106	311	460	300	485	5	242	340	27	102	240	329	443	9	228	255	266	287	323	332	413	448	500	
57	127	152	156	190	197	204	319	496	248	430	157	147	143	474	34	303	171	446	390	96	42	396	255	278	286	304	320	325	410	468	486	499	
5	87	148	216	70	380	398	222	259	377	385	370	348	363	205	463	313	414	439	440	459	
39	42	64	107	117	172	221	331	398	339	426	352	279	222	84	290	233	120	361	393	239	303	324	337	377	459	462	488	492	
12	23	29	34	37	125	209	215	194	243	41	19	256	141	290	427	335	280	284	350	
30	63	85	120	180	208	80	484	413	466	202	111	3	35	496	432	324	231	257	318	323	340	356	376	401	420	424	441	
20	64	81	96	100	111	139	203	215	410	124	370	51	181	440	165	297	247	311	105	472	253	317	363	366	378	380	413	452	496	
102	126	193	60	11	439	281	414	322	410	303	158	411	151	143	64	283	286	383	421	452	492	
15	137	165	190	58	359	490	45	264	355	398	191	60	407	478	380	465	118	13	239	251	363	367	368	445	
63	136	156	188	189	192	199	214	211	348	216	456	382	443	148	317	23	354	85	65	219	83	294	68	281	298	333	340	350	355	368	427	441	459	468	
10	31	86	156	2	437	87	24	272	417	355	478	137	353	278	78	91	301	305	312	330	364	365	370	426	430	435	452	486	489	499	
13	28	94	155	178	209	317	5	289	314	212	189	103	240	132	269	29	308	472	412	367	470	123	245	318	
27	69	86	128	134	210	45	98	373	432	346	146	288	390	43	362	224	218	237	246	264	280	319	324	326	363	417	420	
75	108	151	161	200	488	304	72	246	25	440	420	268	216	337	303	237	239	248	297	418	421	501	
8	11	40	66	118	148	156	195	222	443	124	463	347	48	404	240	386	53	277	442	106	455	249	242	241	276	289	300	341	403	424	
49	86	111	144	159	199	359	150	157	9	198	341	65	404	484	67	279	124	90	210	402	176	287	320	342	483	
22	29	51	100	149	154	194	218	188	165	485	337	11	50	172	318	143	94	31	263	52	258	363	285	301	325	329	428	476	
1	81	193	195	30	295	34	186	464	356	304	74	419	433	93	242	254	301	310	339	406	413	422	
88	144	164	166	167	208	107	473	97	315	33	260	447	198	468	293	231	232	373	172	409	250	297	344	368	
26	35	74	100	109	203	216	122	163	33	208	445	308	378	97	469	75	131	84	90	176	270	284	290	357	380	461	
32	42	61	132	176	202	430	227	222	294	258	382	210	93	149	264	190	252	337	232	250	261	271	273	325	336	350	
7	39	46	47	107	146	164	211	219	230	233	397	491	200	465	320	305	323	171	407	405	269	379	361	95	259	444	481	499	500	
8	58	129	133	141	153	206	279	208	269	13	81	233	50	277	14	338	85	309	385	329	354	452	472	
3	23	32	42	51	57	80	106	113	114	142	181	195	218	219	233	236	62	273	449	408	416	357	267	133	165	344	447	319	284	469	242	257	302	318	338	492	495	
1	22	86	98	118	131	207	223	100	430	304	29	121	385	75	485	421	48	301	377	396	443	
55	130	180	186	190	33	250	265	461	142	38	309	287	76	419	427	192	355	297	298	302	323	337	348	362	366	377	390	398	411	441	450	465	
52	58	78	174	182	99	419	230	407	13	108	3	20	27	208	197	15	433	429	64	190	297	353	358	366	459	
108	116	129	176	198	232	47	418	393	133	7	119	137	371	128	98	433	231	290	294	309	315	489	
30	138	145	149	192	225	163	92	172	386	59	66	68	364	82	345	264	270	277	339	353	393	
6	8	15	35	39	102	113	139	140	141	180	217	220	358	499	145	378	118	162	476	463	232	366	54	465	430	112	264	267	392	429	432	501	
33	48	62	63	77	157	158	194	233	376	70	321	47	401	282	72	173	213	406	114	59	6	262	319	393	430	
63	96	107	140	244	54	458	294	398	190	191	454	341	392	21	97	237	124	196	239	168	368	257	302	331	357	382	405	503	
28	34	40	53	99	160	172	277	400	310	131	93	227	137	325	158	292	387	0	288	80	335	282	451	461	463	
90	93	113	114	149	172	175	186	196	198	204	214	217	239	285	464	33	213	36	27	3	126	394	278	300	356	360	398	414	431	452	
4	83	129	173	187	205	225	303	289	346	430	180	203	450	471	204	490	425	321	40	149	463	184	315	324	333	381	396	444	482	
39	43	52	62	77	102	189	469	461	121	199	449	236	63	359	80	125	159	441	148	358	126	419	290	383	406	423	425	436	470	480	
112	113	158	196	213	207	409	220	89	161	44	344	386	433	219	411	488	144	320	302	364	421	
17	57	88	198	223	145	64	409	58	338	71	324	123	423	308	157	282	281	262	388	432	473	
11	47	48	79	96	107	109	172	184	131	404	250	242	71	224	354	149	75	329	400	324	451	17	265	290	292	312	328	351	376	392	417	479	487	501	
190	212	216	235	239	201	46	492	32	349	52	474	278	319	485	188	358	266	311	90	345	482	280	343	410	416	418	420	423	445	491	498	
7	57	98	117	123	155	183	209	221	240	166	170	88	389	478	487	334	377	430	432	310	382	414	479	497	
38	42	50	61	129	197	204	237	329	463	39	111	358	85	470	0	448	452	31	136	398	115	140	261	291	310	400	417	443	
25	107	186	193	213	447	421	167	144	318	260	325	143	97	336	387	53	103	239	106	295	343	399	446	449	476	
17	70	89	135	160	165	192	115	200	413	174	51	484	159	407	146	474	249	256	343	303	346	355	
65	68	72	76	106	130	174	178	235	399	417	37	132	192	124	476	455	127	490	55	289	138	296	348	480	496	
30	46	61	64	170	217	227	239	313	364	121	231	3	247	248	130	176	28	265	387	442	178	330	345	349	385	396	400	443	
95	118	155	182	187	244	264	339	162	213	257	472	276	457	165	3	285	368	397	464	465	
8	36	85	258	413	346	339	372	374	189	65	314	427	289	147	390	219	89	188	307	326	329	363	389	398	
12	17	20	34	40	47	105	109	150	176	205	217	242	61	339	100	163	460	182	248	83	19	493	269	282	291	325	346	375	413	423	432	504	
8	36	55	67	116	232	290	423	420	469	452	159	52	139	74	187	357	454	432	158	312	340	349	394	424	
19	133	147	182	193	200	230	240	241	267	282	179	382	105	275	108	118	48	487	155	215	420	466	124	385	297	310	368	418	431	479	484	499	
52	74	126	133	200	479	318	384	247	387	194	132	330	487	123	26	159	238	272	379	
21	56	64	68	111	121	125	130	178	216	117	478	239	412	482	384	87	275	146	133	8	381	347	403	208	209	393	316	333	344	400	402	435	483	
44	61	68	126	229	270	122	344	78	413	30	357	489	147	313	47	348	447	371	376	340	285	330	331	337	383	416	434	
31	61	64	80	99	137	242	157	455	30	239	213	3	123	199	464	165	279	103	484	349	89	67	151	75	274	316	391	475	485	
6	7	64	98	101	145	152	203	209	53	134	285	122	132	306	310	119	333	273	105	420	408	47	483	103	291	294	298	339	360	371	428	481	
11	30	57	69	75	81	135	150	161	192	198	203	213	269	271	454	350	416	333	196	381	480	216	152	392	82	58	94	308	386	441	458	477	
10	15	43	70	81	87	117	177	265	156	403	339	299	38	22	423	322	393	65	416	12	208	233	349	357	359	370	453	
2	13	14	53	65	84	105	199	233	241	251	388	15	498	129	410	42	426	466	173	140	430	493	87	440	247	0	404	318	353	356	392	435	
8	10	64	76	91	150	229	258	34	252	388	101	194	23	79	284	499	330	352	43	139	38	22	220	332	345	384	408	417	450	492	
57	163	166	175	205	218	222	234	241	273	300	439	308	489	338	156	93	79	461	306	165	207	372	142	434	498	
16	24	26	42	60	64	102	136	139	140	118	212	415	48	392	167	231	353	216	146	395	223	96	258	10	351	290	346	387	389	432	446	477	482	
9	54	156	171	183	195	226	256	33	490	81	409	337	72	228	384	334	499	375	103	445	218	483	305	352	394	415	449	451	471	474	498	
17	79	104	129	131	146	149	153	187	215	249	256	269	383	112	267	307	419	486	443	425	451	375	198	251	409	37	292	381	
18	32	127	142	163	182	210	60	10	283	289	195	46	84	456	313	98	129	226	387	354	359	375	415	446	466	475	
28	67	86	187	194	196	242	278	76	332	223	71	497	87	94	20	361	93	238	333	36	146	296	323	354	412	
252	274	159	119	235	488	435	483	265	121	272	58	315	438	113	77	174	307	347	354	374	375	386	398	407	418	459	482	
95	100	147	301	384	151	348	364	76	486	489	226	70	58	111	61	220	400	352	322	345	368	401	421	431	440	464	
18	85	167	176	244	121	219	333	335	1	29	316	234	25	303	451	202	215	483	320	345	377	423	461	471	
5	12	40	45	77	80	108	204	217	231	251	401	170	420	143	375	83	330	157	110	10	434	175	169	329	133	423	322	331	336	366	369	428	438	484	
21	82	83	119	134	190	205	210	211	230	253	263	266	283	87	128	233	454	75	296	103	397	122	418	415	457	455	6	291	294	339	345	373	395	410	443	449	504	
31	52	88	100	183	222	223	268	172	139	254	280	357	59	146	69	246	181	96	22	36	112	238	470	426	208	257	330	336	349	367	424	487	
151	170	179	192	206	260	473	205	458	274	0	24	289	267	127	118	337	157	347	318	342	354	361	449	453	
20	66	119	127	139	186	206	251	392	464	208	257	49	93	1	482	150	59	447	74	282	13	72	97	304	322	348	391	431	444	497	503	
25	32	67	145	237	443	72	62	485	36	356	110	468	424	173	6	315	330	329	217	377	295	296	369	376	387	446	451	
9	69	95	205	228	239	250	246	376	68	421	468	165	123	289	161	471	31	359	439	274	345	349	
36	62	116	196	218	236	216	78	424	111	148	182	160	261	108	468	153	293	415	314	338	349	423	459	469	
2	17	21	37	42	62	84	96	101	145	162	289	499	337	91	301	215	474	478	388	284	213	293	72	263	481	315	317	389	425	463	479	
34	43	120	151	153	157	184	197	225	245	378	168	302	64	334	237	232	399	474	436	179	50	244	13	269	191	315	349	352	354	401	444	472	473	477	504	
18	34	56	76	86	104	154	187	218	274	28	205	244	381	360	374	81	454	404	54	228	341	369	420	
78	122	148	167	195	208	276	86	82	419	146	414	415	387	476	300	431	212	130	172	151	309	335	344	350	478	497	
5	20	119	178	219	279	299	252	306	94	91	318	233	212	439	181	171	198	35	310	312	379	424	430	443	
93	105	112	126	164	171	189	286	296	95	243	411	471	35	491	236	388	361	13	229	217	372	235	307	367	373	378	416	429	436	438	446	486	
9	19	29	47	60	78	103	141	297	22	136	255	423	441	250	382	467	94	242	213	333	244	304	323	
97	117	148	160	220	226	232	253	287	367	476	81	3	222	356	408	312	112	169	214	452	262	152	314	343	372	451	
42	65	81	107	110	119	193	201	232	236	243	292	369	86	322	217	467	302	141	452	220	164	446	333	335	50	309	358	365	479	
38	142	159	162	240	69	385	281	229	398	436	454	375	389	66	108	421	132	476	330	445	
99	132	141	180	274	279	300	451	381	346	179	369	74	460	360	67	479	311	171	83	358	336	342	349	391	415	448	459	462	
19	43	65	116	128	282	110	301	445	266	213	498	212	336	315	194	104	413	491	285	137	429	406	441	458	478	480	
3	14	60	63	153	157	214	230	238	256	279	328	333	464	198	86	76	112	361	449	471	135	275	405	87	323	336	343	345	360	371	428	439	453	494	
12	55	61	71	82	109	114	133	170	173	180	190	200	208	210	241	244	19	215	246	493	176	128	132	299	435	304	83	484	358	50	360	413	415	426	468	
16	26	37	72	85	94	155	169	171	251	274	300	331	437	209	259	236	394	150	15	158	260	82	192	269	98	348	322	389	479	
13	73	179	184	219	225	258	306	92	336	117	104	135	408	403	147	486	141	467	445	351	374	390	419	450	489	
18	60	300	303	435	337	484	268	488	390	229	328	444	6	257	163	339	374	462	362	359	192	169	313	393	434	473	
32	37	63	78	123	264	272	283	152	192	87	127	34	312	221	357	80	355	356	383	402	418	455	469	473	483	
27	104	184	230	266	382	319	479	61	98	408	303	435	65	56	73	103	188	295	10	71	391	402	404	416	474	
39	45	55	64	141	144	148	150	158	163	177	179	237	285	293	307	386	67	197	356	246	253	28	73	296	333	357	297	153	411	344	349	448	458	478	502	
15	18	49	100	160	182	187	205	211	212	287	61	448	475	413	467	445	273	134	271	425	446	476	330	333	349	355	370	376	449	
17	36	95	116	121	228	230	225	74	485	145	353	490	149	57	187	394	466	206	483	296	337	364	404	448	469	482	500	
235	261	270	300	391	78	291	415	25	116	277	180	242	428	70	73	393	224	230	360	361	386	403	441	465	487	
55	111	156	216	220	242	258	314	1	407	249	409	171	31	360	25	493	352	495	204	231	51	320	321	353	415	441	449	475	
20	26	30	46	57	172	207	240	255	166	210	287	465	485	220	409	319	489	477	381	462	17	212	234	127	330	348	389	
49	77	80	105	111	175	216	249	253	189	390	136	449	319	132	2	75	62	5	398	344	356	384	393	457	463	
34	62	79	165	182	183	196	208	226	276	304	310	461	288	286	431	420	12	201	69	354	353	96	43	188	189	292	348	373	389	424	428	501	
84	99	126	154	179	188	217	240	284	219	114	302	201	400	308	33	334	244	375	69	497	224	100	332	335	351	354	474	495	
21	34	84	132	224	256	257	211	103	423	329	416	222	458	231	253	445	196	213	351	381	461	485	
47	60	68	138	199	251	261	452	424	341	235	239	103	414	69	212	127	220	403	337	267	345	402	361	383	386	408	427	432	433	435	463	
18	27	144	209	442	457	395	169	231	266	149	7	116	82	54	213	200	354	336	375	414	444	445	
16	85	88	171	205	493	192	53	136	166	399	378	147	466	499	
78	91	308	312	196	485	141	39	116	390	480	49	12	401	411	24	257	205	344	361	374	403	410	416	471	476	
5	37	204	219	257	260	288	293	324	77	235	64	17	424	340	180	266	146	241	352	363	369	410	487	
21	49	82	125	143	147	171	193	200	212	264	270	278	288	293	178	176	106	159	462	320	272	51	305	316	452	229	153	83	290	403	474	340	361	434	446	465	
55	159	186	211	212	222	310	426	80	179	435	272	370	349	470	482	250	449	288	420	53	341	394	489	497	
5	40	73	179	202	212	284	23	113	122	323	158	278	61	427	402	53	219	145	177	371	408	
8	66	89	103	194	274	275	284	287	302	304	308	315	475	228	352	114	316	48	143	395	271	27	182	495	378	253	334	351	371	379	463	469	
15	85	130	135	156	169	174	182	198	205	259	281	297	323	153	141	24	349	143	373	165	118	333	413	43	386	467	367	375	471	
3	6	27	143	223	251	287	304	14	206	145	299	186	423	106	161	430	466	59	371	323	386	448	381	488	489	
54	72	93	168	169	261	307	311	290	79	101	441	111	55	411	239	326	306	397	374	308	288	138	30	351	371	383	386	450	
58	106	115	122	127	130	157	187	232	235	239	281	291	296	312	325	105	121	244	317	78	164	146	111	349	401	222	495	33	12	272	355	361	368	421	426	434	478	
1	32	40	50	98	241	256	279	9	352	165	188	366	157	383	91	242	216	415	348	477	295	398	414	438	465	495	501	
129	145	175	222	265	266	267	276	312	274	50	474	467	247	93	491	396	422	132	289	236	342	361	424	485	500	
34	52	97	98	124	129	219	272	329	63	5	193	479	224	106	158	99	228	11	330	93	268	359	384	345	387	446	489	503	
3	22	111	134	147	181	183	234	250	325	29	18	132	233	475	453	84	331	298	123	403	53	82	62	457	142	51	150	69	395	432	483	
6	43	48	168	205	339	387	56	80	182	0	155	192	467	452	359	22	291	306	426	234	453	425	449	
16	85	142	200	262	425	483	258	479	355	438	303	308	194	140	261	497	348	365	448	463	496	
44	52	60	71	141	147	179	198	203	242	255	272	437	321	421	8	271	237	299	89	349	177	135	63	328	400	315	72	388	454	372	416	429	434	464	489	
63	83	89	103	115	129	161	168	247	258	325	287	203	294	197	286	264	289	44	478	33	21	308	403	278	340	369	386	459	
9	35	46	54	61	139	218	231	253	266	306	4	280	262	438	356	461	133	463	189	17	366	267	76	5	375	433	464	
37	87	150	171	186	196	215	233	271	291	169	203	44	480	149	285	405	194	202	148	35	431	97	30	479	407	436	475	502	
111	127	178	185	210	215	221	228	272	286	310	338	431	66	148	322	292	128	88	105	263	108	320	343	456	182	244	49	436	443	448	
19	135	140	143	163	183	187	258	273	331	334	337	344	268	72	144	294	356	290	297	295	315	111	172	44	264	316	306	276	363	388	390	458	
70	107	164	218	275	223	137	104	213	372	239	228	473	299	132	136	425	43	393	115	400	160	353	447	449	
16	28	139	146	189	280	103	323	333	46	192	1	156	336	482	257	311	324	200	395	429	442	488	
56	60	94	125	131	160	182	222	278	286	319	329	333	338	387	133	108	378	185	486	66	26	379	297	175	281	439	455	101	58	392	403	404	440	441	
146	162	177	178	191	197	213	229	280	317	322	247	145	163	245	473	383	88	28	437	100	67	350	319	490	277	390	397	365	385	444	453	
27	31	35	36	74	82	147	228	257	322	326	423	187	297	155	285	371	132	284	83	283	241	323	291	73	389	409	446	462	468	484	486	
94	98	227	229	244	343	171	447	174	51	228	313	58	470	179	262	49	337	203	56	316	390	443	450	504	
81	96	97	114	236	293	303	315	346	349	224	252	425	24	142	313	362	170	277	77	453	480	321	357	364	406	421	426	438	486	
11	31	65	83	107	125	203	242	268	272	290	313	315	375	407	487	162	213	161	54	152	276	378	356	250	405	430	384	176	238	191	404	435	
41	42	46	50	154	196	203	248	254	258	260	306	309	176	54	171	56	138	420	72	449	78	456	460	61	429	304	245	479	480	
99	104	170	214	227	234	254	294	312	340	342	370	438	481	276	283	399	215	3	81	133	446	113	407	418	437	470	483	
15	146	179	187	197	298	306	319	144	252	318	274	99	183	479	369	118	211	309	24	308	399	169	500	
175	180	222	240	284	301	308	318	473	492	337	330	328	15	405	403	325	291	217	167	166	339	380	410	414	422	429	442	455	500	
117	231	312	356	415	137	244	59	398	470	39	436	431	376	390	451	
31	104	106	118	121	124	136	173	207	221	235	329	492	349	227	43	451	13	61	266	231	225	466	150	490	379	381	438	488	
99	143	192	247	264	286	111	381	140	16	229	356	482	201	57	443	255	317	81	20	127	9	409	418	420	468	469	486	502	
92	138	148	161	212	445	88	50	17	304	11	343	402	229	5	143	353	392	433	458	465	
34	114	156	174	187	195	248	338	346	409	212	288	225	77	66	442	215	39	369	244	386	69	245	35	396	444	487	491	
100	230	303	181	301	14	178	334	386	290	227	479	493	456	109	187	108	407	420	436	472	
27	114	170	250	227	265	269	337	108	42	237	26	228	286	53	396	384	403	404	470	483	490	
10	65	145	304	306	360	366	49	298	89	408	66	329	288	28	147	293	445	424	453	345	371	373	429	456	
2	98	102	140	165	221	225	331	359	374	14	28	190	214	164	390	229	316	276	171	185	43	394	421	402	405	503	
4	5	10	11	46	96	103	161	176	197	216	246	272	335	354	336	55	333	369	274	450	20	394	144	308	90	401	211	332	420	456	465	501	
22	51	105	108	110	143	186	266	279	301	350	187	377	194	344	465	407	165	464	303	27	66	401	402	463	504	
74	144	201	231	237	334	442	185	80	38	369	125	499	301	412	289	143	322	433	456	502	
9	113	212	214	266	298	312	336	370	425	15	497	175	328	90	439	311	285	123	203	409	387	392	433	443	491	
24	26	36	53	281	282	288	305	323	357	326	498	283	346	126	91	180	334	140	28	164	375	285	267	492	458	465	
50	58	70	94	100	116	142	152	161	162	172	249	272	294	394	436	69	206	257	316	362	413	185	83	224	388	137	293	24	447	456	
2	29	74	80	195	221	259	293	372	199	78	287	162	14	222	60	244	243	396	35	384	406	428	429	449	468	
2	8	55	81	99	113	122	137	165	166	172	175	238	248	297	327	333	352	357	499	6	120	477	61	181	301	189	205	450	132	225	436	470	
33	41	96	138	190	209	240	300	352	491	161	215	435	333	24	438	84	11	78	134	270	363	400	503	
22	45	171	212	221	227	361	218	190	146	441	238	225	427	81	462	197	437	
6	195	271	275	298	306	320	364	26	138	335	363	194	282	193	55	85	188	399	137	205	324	253	439	456	471	
3	7	89	98	108	113	124	228	239	269	302	314	204	459	452	104	462	26	259	41	90	250	17	401	165	
29	100	133	141	142	152	210	282	338	353	173	472	67	24	325	226	115	336	254	313	130	461	150	73	272	409	410	425	500	504	
54	82	109	146	159	179	201	212	270	271	281	286	340	357	387	409	278	368	377	113	321	176	480	10	86	493	
70	71	132	188	221	241	243	269	305	390	189	419	470	353	66	26	116	405	94	125	264	42	407	413	418	453	460	496	
12	68	97	135	174	233	247	255	315	334	335	366	367	139	205	275	336	411	325	104	497	61	345	441	318	198	120	110	75	197	492	285	393	404	460	498	502	
51	117	174	212	251	261	264	270	283	299	342	352	384	52	37	96	374	146	422	12	407	47	94	155	32	293	340	23	280	173	492	
102	116	117	171	181	195	199	277	278	296	301	344	376	394	150	141	187	148	432	349	256	419	22	453	420	412	462	477	497	
15	51	55	110	121	141	259	305	86	428	266	354	462	404	98	322	280	153	296	441	310	320	408	447	490	
55	95	103	158	167	177	198	220	231	266	312	321	328	353	370	385	471	311	428	349	72	495	140	23	355	362	478	244	18	438	455	457	490	
36	54	92	162	190	204	205	217	318	157	416	69	492	398	97	170	292	199	273	314	306	437	472	
11	114	135	155	161	198	209	250	275	280	292	202	431	365	124	374	148	52	352	257	450	248	489	277	429	455	488	
40	51	74	103	162	165	172	209	222	246	271	276	318	350	321	118	446	312	143	411	247	491	122	249	386	180	433	
15	43	72	96	145	152	158	198	215	252	310	317	370	371	376	388	75	9	412	24	268	281	52	67	197	146	207	13	186	62	28	331	416	
10	21	87	106	107	169	186	280	326	333	171	289	351	52	418	341	401	16	44	178	411	451	
13	30	36	38	43	73	101	105	112	123	159	174	220	339	368	377	366	438	59	465	71	17	206	486	3	35	151	63	113	243	133	253	264	434	476	479	
20	66	75	91	100	143	167	173	240	289	336	353	35	17	6	498	265	73	1	408	427	207	111	495	153	116	176	399	441	492	496	
44	63	76	151	221	222	227	250	260	305	321	338	362	391	490	449	266	244	285	252	133	413	8	179	213	41	32	450	87	158	437	
6	90	91	130	140	263	297	327	359	360	381	478	261	468	485	440	168	96	191	194	46	397	64	401	501	
3	99	115	184	192	251	257	286	323	344	350	379	470	264	149	260	424	200	271	127	467	412	437	451	496	498	
32	76	162	172	249	288	328	337	371	382	395	399	170	297	430	33	69	224	53	144	286	18	427	372	416	149	454	484	490	
79	83	137	143	146	198	234	325	332	365	313	92	372	314	446	463	271	1	4	370	16	486	61	422	462	
68	77	87	89	181	271	276	311	325	330	341	345	361	368	233	86	154	5	440	318	107	471	328	352	431	433	459	
67	72	77	160	180	195	233	234	257	277	298	389	189	352	386	489	368	317	457	314	185	357	162	6	426	427	499	
2	9	45	85	114	123	134	175	198	240	308	347	357	361	385	48	124	28	40	370	125	16	250	426	174	472	459	482	
20	42	110	118	177	209	249	103	489	254	356	0	130	19	377	72	424	236	169	307	417	427	454	495	
45	48	105	108	184	227	240	245	262	319	357	372	387	385	76	367	444	215	498	120	168	449	285	24	347	359	430	455	491	
68	69	76	99	124	134	191	242	274	303	311	314	369	397	332	325	448	41	464	70	389	136	490	278	440	457	458	
79	96	154	161	201	237	255	256	281	282	319	320	366	374	384	173	16	354	479	157	441	166	383	89	484	142	93	364	425	439	452	
36	47	78	91	114	124	180	185	225	226	277	3	258	289	383	361	220	482	328	477	437	441	329	438	447	451	472	492	
13	86	111	141	164	205	226	255	301	315	328	336	386	393	162	478	441	7	176	179	434	35	6	474	110	217	188	244	186	395	493	496	
108	111	120	125	136	190	230	271	373	394	66	149	58	447	388	284	168	169	400	414	422	494	
86	113	154	182	224	262	266	272	307	316	334	376	398	217	225	219	203	432	487	385	39	236	267	309	425	445	468	
23	28	83	113	122	183	206	207	226	299	325	361	134	140	471	412	54	221	469	259	326	92	252	463	338	504	
75	122	132	147	175	280	289	295	299	318	338	362	306	283	72	281	319	495	153	205	438	424	309	141	194	18	460	
76	193	207	242	275	276	324	391	401	167	394	258	301	141	52	328	314	146	81	344	135	272	435	438	466	
51	64	109	157	218	229	263	62	153	487	85	406	469	191	201	217	44	257	231	278	260	18	461	471	
22	51	71	246	289	395	467	385	364	313	47	269	232	154	104	59	258	285	204	359	456	473	484	488	
31	58	74	99	160	163	173	236	244	245	254	282	299	385	388	53	32	483	218	101	104	80	162	127	311	207	455	471	476	
6	15	24	42	63	90	117	138	151	204	205	232	268	269	274	288	322	331	358	388	147	298	131	371	224	171	231	1	367	258	495	364	458	472	46	
9	16	90	113	115	125	161	243	261	294	305	344	370	208	255	226	140	40	232	356	67	337	286	
13	25	39	72	90	98	110	116	127	134	183	195	207	339	387	40	91	179	36	472	448	57	8	473	361	412	236	423	402	191	458	433	446	454	478	
130	164	168	216	256	268	276	288	302	324	335	354	422	481	471	287	195	254	459	295	258	73	68	448	105	267	467	487	
40	63	65	93	96	133	160	293	295	325	329	369	400	406	415	130	339	50	11	322	300	150	224	94	73	290	123	268	233	464	469	
2	154	157	166	253	282	316	343	350	356	374	190	409	95	383	254	413	296	342	439	427	77	143	472	474	480	
37	86	101	151	200	203	213	222	277	290	331	342	405	404	162	85	76	337	137	461	309	105	182	356	229	432	464	468	474	490	
34	60	84	119	120	123	152	223	244	266	332	380	397	401	425	467	66	87	325	404	137	455	79	228	133	45	471	184	406	433	470	477	503	
81	128	172	173	210	318	389	390	288	183	466	274	322	61	439	308	377	140	5	235	475	484	
36	83	106	120	121	245	307	358	361	33	30	248	392	179	168	377	369	467	80	351	344	19	59	301	
30	151	177	202	220	239	243	248	253	259	277	335	357	401	437	229	83	249	10	193	407	114	29	300	191	8	207	442	495	503	
82	169	299	322	347	348	362	392	65	162	403	252	32	269	111	292	286	443	453	
26	42	169	224	231	259	268	388	413	426	96	202	9	4	482	267	248	256	450	51	341	464	210	497	83	280	160	325	444	477	479	
26	30	108	236	245	246	255	346	365	374	84	176	182	325	427	373	393	403	422	
2	46	81	112	122	154	177	214	288	411	330	213	126	493	157	344	272	192	396	482	337	185	312	279	472	497	
9	39	40	105	119	163	201	285	309	312	314	331	379	271	277	229	104	325	19	106	466	146	416	357	446	156	479	
7	75	84	131	168	193	195	297	305	362	376	378	50	134	125	367	460	124	484	119	254	65	57	348	347	165	301	487	17	186	461	482	
14	86	117	123	152	161	193	229	310	344	353	410	430	66	380	49	359	37	96	133	177	10	398	439	400	139	391	442	
49	116	120	128	167	213	285	343	346	359	379	396	415	288	410	13	140	416	363	136	97	338	301	172	454	390	356	82	4	147	444	478	488	494	
73	77	129	167	226	279	294	300	352	374	425	428	437	221	495	202	172	71	170	381	440	308	100	47	409	455	
8	44	103	127	137	153	184	199	225	232	277	399	403	439	478	472	51	221	50	195	165	352	408	286	120	100	466	467	501	
22	28	57	200	214	254	302	336	380	386	389	409	410	411	228	192	318	36	244	275	224	118	307	352	207	462	104	190	319	397	489	
126	196	233	264	326	366	373	430	351	451	454	139	108	47	92	182	212	153	437	179	361	127	496	497	
39	55	73	126	171	219	228	233	282	293	364	431	243	466	300	2	264	148	19	121	260	374	348	289	131	355	135	452	460	470	500	
4	84	166	175	193	312	407	297	432	366	326	454	438	353	292	253	138	240	46	464	
32	117	133	138	206	215	238	281	307	311	316	324	365	369	258	413	479	34	98	137	119	227	213	305	326	4	164	490	
21	147	169	177	220	304	316	359	393	402	435	113	354	194	330	165	340	135	301	188	283	478	293	261	28	280	422	465	498	
7	23	39	82	139	143	237	242	261	272	292	355	412	41	28	376	459	182	410	461	389	96	216	101	350	90	46	209	145	217	498	
10	56	131	153	158	183	213	260	316	335	408	422	423	219	343	33	317	474	306	348	466	1	315	93	185	
13	37	62	74	112	131	136	145	169	172	210	242	254	308	321	331	358	398	407	261	61	490	291	151	146	342	55	281	319	316	350	289	377	491	
22	37	45	61	143	148	253	371	378	392	398	432	355	76	140	244	311	210	100	336	77	278	49	134	469	475	488	
28	44	143	175	181	188	257	282	287	306	363	442	281	395	400	293	251	362	303	152	217	452	410	467	454	
9	34	38	50	68	85	173	197	210	260	268	303	304	325	330	342	382	451	194	226	179	481	214	225	229	495	443	7	101	58	241	252	409	149	488	
29	52	92	125	169	188	341	342	356	369	388	487	472	180	480	91	431	276	116	353	107	4	385	308	16	36	139	291	185	468	486	
17	48	55	131	250	268	275	289	298	305	344	438	442	444	201	45	27	492	406	489	85	9	401	451	175	422	481	498	
66	69	95	196	233	263	273	289	352	427	439	16	195	392	407	11	361	55	9	89	419	313	390	146	486	
6	7	90	106	114	125	168	175	212	228	283	348	358	367	150	101	161	381	418	174	376	369	184	371	373	
88	162	265	289	326	341	404	167	147	321	481	93	33	211	70	16	390	408	100	497	474	504	
1	36	76	123	188	189	204	250	291	324	420	422	315	408	214	128	11	40	33	349	307	154	275	136	28	375	365	145	502	
60	78	88	130	133	157	206	382	423	447	306	120	91	345	405	403	221	245	295	80	285	222	53	156	228	51	
123	184	197	206	219	267	306	358	415	436	386	166	443	198	4	133	112	385	192	464	485	76	
4	8	23	129	178	216	244	254	279	322	346	383	426	447	287	238	22	157	203	149	54	436	251	324	44	417	143	472	
18	27	47	84	98	110	127	181	212	312	320	330	380	382	389	441	222	14	61	388	66	132	354	306	106	402	44	149	476	
54	133	195	221	233	248	253	260	346	402	414	325	146	48	214	343	372	148	296	321	251	333	471	477	
88	93	193	236	252	273	292	308	372	408	432	460	444	486	209	286	344	346	492	490	426	195	424	122	477	38	265	467	497	
11	37	63	165	169	227	240	248	320	372	396	371	318	375	172	191	338	330	143	244	64	214	26	446	265	365	493	496	
80	109	178	191	224	269	277	317	335	363	428	435	443	448	183	31	478	26	35	51	416	188	327	283	466	29	492	96	13	440	467	474	497	503	
21	63	95	125	182	302	304	311	316	334	339	342	400	418	427	429	451	440	112	464	105	161	5	142	423	466	216	188	116	2	102	476	482	
9	19	43	45	70	89	110	112	140	169	237	293	294	295	399	42	220	228	426	134	453	413	18	309	354	364	377	471	
16	20	33	39	77	119	135	136	162	178	238	242	254	268	414	417	105	333	424	313	176	295	186	88	24	147	450	474	317	364	485	
33	68	97	162	180	230	260	290	331	355	362	385	400	492	359	443	50	254	368	4	40	427	48	5	479	378	172	85	
17	57	98	181	215	253	294	301	308	390	403	414	423	427	66	25	114	92	287	381	463	328	281	334	419	468	417	495	
41	76	140	156	225	230	265	383	405	420	422	440	453	157	241	297	461	434	75	36	367	31	425	410	391	161	62	489	501	
11	38	97	106	121	201	237	291	350	353	361	422	256	141	313	56	418	165	131	135	28	297	75	199	312	474	492	
50	52	53	66	220	258	262	296	297	330	339	411	448	469	194	103	281	425	139	96	457	314	473	3	12	466	323	426	17	125	476	489	495	
37	75	139	169	175	191	316	333	341	21	347	273	70	158	450	189	85	319	283	8	428	146	476	
5	57	78	126	162	248	263	299	303	305	316	467	261	474	183	462	88	235	75	328	90	186	396	99	475	165	419	156	
10	25	43	69	76	105	112	151	207	210	320	338	378	410	464	432	84	144	3	427	482	162	388	491	463	275	154	297	117	280	17	502	
38	49	55	81	122	141	192	211	227	229	259	271	296	345	390	399	411	440	446	466	215	37	485	438	6	422	337	13	136	307	299	315	
82	85	97	156	170	270	306	314	340	343	347	360	367	409	445	470	358	151	84	432	27	296	64	36	257	269	435	310	396	259	116	304	
25	27	38	71	93	104	137	149	158	166	211	215	275	328	347	356	384	453	358	254	173	69	98	84	57	307	65	23	425	263	187	111	
8	24	33	51	59	191	296	359	423	452	457	218	491	16	12	118	454	15	240	28	79	274	32	493	
32	69	100	110	128	178	205	213	258	271	292	331	351	364	410	432	434	477	436	57	13	317	467	179	405	280	285	78	68	175	111	4	253	
14	29	50	56	165	216	274	281	285	287	317	343	419	271	313	5	202	102	76	34	234	207	368	22	341	359	495	
16	28	44	67	72	81	98	106	128	131	151	164	211	224	234	262	273	309	312	409	436	23	288	145	418	269	114	428	401	9	489	8	354	
63	81	87	123	132	139	144	165	172	219	235	243	258	293	317	320	328	399	460	478	32	182	36	10	48	174	469	273	90	324	167	122	339	195	
57	145	153	282	286	311	352	396	402	464	453	52	160	170	229	92	354	455	364	356	301	186	220	491	
10	22	75	136	142	150	172	259	269	270	357	413	417	436	453	6	318	103	76	290	366	111	329	118	168	423	257	
56	58	65	81	123	128	168	186	232	255	285	312	488	91	363	452	351	107	450	418	392	222	175	201	57	335	438	
7	33	60	74	87	90	96	118	153	157	272	279	286	320	392	404	406	454	484	474	229	340	141	335	331	246	6	46	311	472	344	441	
65	117	163	167	194	227	253	263	281	317	353	363	398	408	449	464	390	401	31	123	97	445	426	389	189	368	494	
127	169	240	301	307	339	379	393	477	481	374	366	25	258	209	142	2	407	160	191	486	115	449	
46	94	106	185	258	361	363	375	386	391	454	464	466	470	473	154	142	397	242	278	57	56	387	410	47	222	226	127	
4	30	60	89	137	139	197	212	267	277	309	319	327	367	434	481	140	204	13	44	191	411	143	132	5	465	2	169	384	
16	54	82	93	169	46	412	174	438	494	308	498	193	490	194	4	128	176	
49	54	81	97	112	128	165	173	215	319	333	337	390	397	415	420	439	452	185	338	483	156	123	162	323	24	169	474	242	471	430	211	406	
10	57	121	127	147	150	166	180	211	220	224	138	50	397	53	263	225	343	92	465	411	385	400	26	173	442	
7	14	284	323	343	374	386	432	457	175	331	292	16	434	119	466	464	442	259	299	388	98	199	65	
24	99	100	140	277	307	375	397	407	494	6	189	400	279	201	258	34	281	168	446	70	386	454	117	447	
1	13	46	53	62	88	104	115	116	185	200	248	278	281	296	373	378	69	3	269	229	220	209	198	240	404	178	101	327	
361	383	205	240	85	339	360	137	166	29	443	219	184	159	317	
322	12	257	152	181	190	472	206	248	440	182	232	371	338	399	
48	347	3	477	364	150	373	166	315	17	458	386	66	504	
161	43	155	430	292	168	427	340	217	466	186	250	379	214	370	
414	289	167	297	62	383	267	56	457	49	108	128	203	372	355	502	























































































































































































































































































































































































































































































































































































































































































































































































































































































































































































































































































































































































































































































































































































































































































































































































































































































































































































































































































































































































































































































































































































































































































































































































































































































































































































































































































































































































































































































































































































































































































































































































































































































































































































































































































































































































































































































































































































































































































































































































































































































































































































































































































































































































































































































































































































































































































































































































































































































































































































































































































































































































































































































































































































































































































































































































































































































































































































































































































































































































































































































































































































































































































































































































































































































































































































































































































































































































































































































































































































































































































































































































































































































































































































































































































































































































































































































































































































































































































































































































































































































































































































































































































































































































































































































































































































































































































































































































































































































































































































































































































































































































































































































































































































































































































































































































































































































































































































































































































